  0.000000000000000E+000  0.000000000000000E+000  -1.66291822271824     
  0.000000000000000E+000  0.300499995549520       -1.56307247739939     
  0.000000000000000E+000  0.600999991099040       -1.25189410706713     
  0.000000000000000E+000  0.901499986648560      -0.943102426448826     
  0.000000000000000E+000   1.20199998219808      -0.713920620707508     
  0.000000000000000E+000   1.50249997774760      -0.553242580137471     
  0.000000000000000E+000   1.80299997329712      -0.439828070861137     
  0.000000000000000E+000   2.10349996884664      -0.357745852540513     
  0.000000000000000E+000   2.40399996439616      -0.296544064167340     
  0.000000000000000E+000   2.70449995994568      -0.250922538096987     
  0.000000000000000E+000   3.00499995549520      -0.218228554950489     
  0.000000000000000E+000   3.30549995104472      -0.198202553104144     
  0.000000000000000E+000   3.60599994659424      -0.184211410617898     
  0.000000000000000E+000   3.90649994214376      -0.163805815306833     
  0.000000000000000E+000   4.20699993769328      -0.146325334322236     
  0.000000000000000E+000   4.50749993324280      -0.129858480911319     
  0.000000000000000E+000   4.80799992879232      -0.115643777178424     
  0.000000000000000E+000   5.10849992434184      -0.103941013636315     
  0.000000000000000E+000   5.40899991989136      -9.454014157333408E-002
  0.000000000000000E+000   5.70949991544088      -8.708513876533880E-002
  0.000000000000000E+000   6.00999991099040      -8.101091977617401E-002
  0.000000000000000E+000   6.31049990653992      -7.550402549140005E-002
  0.000000000000000E+000   6.61099990208944      -6.961093611657913E-002
  0.000000000000000E+000   6.91149989763896      -6.332112536909744E-002
  0.000000000000000E+000   7.21199989318848      -5.864630014878846E-002
  0.300499995549520       0.000000000000000E+000  -1.56305966404299     
  0.300499995549520       0.300499995549520       -1.46970922993017     
  0.300499995549520       0.600999991099040       -1.18886779447325     
  0.300499995549520       0.901499986648560      -0.906684433439112     
  0.300499995549520        1.20199998219808      -0.692820156596969     
  0.300499995549520        1.50249997774760      -0.540420940375035     
  0.300499995549520        1.80299997329712      -0.431814482206729     
  0.300499995549520        2.10349996884664      -0.352810175245006     
  0.300499995549520        2.40399996439616      -0.294000763134079     
  0.300499995549520        2.70449995994568      -0.250173493601556     
  0.300499995549520        3.00499995549520      -0.218978393350605     
  0.300499995549520        3.30549995104472      -0.199170610183402     
  0.300499995549520        3.60599994659424      -0.184093517473078     
  0.300499995549520        3.90649994214376      -0.164920472372730     
  0.300499995549520        4.20699993769328      -0.146113251377917     
  0.300499995549520        4.50749993324280      -0.129341440154575     
  0.300499995549520        4.80799992879232      -0.115263950660529     
  0.300499995549520        5.10849992434184      -0.103724123511875     
  0.300499995549520        5.40899991989136      -9.440309614086474E-002
  0.300499995549520        5.70949991544088      -8.699986692875282E-002
  0.300499995549520        6.00999991099040      -8.091243598426894E-002
  0.300499995549520        6.31049990653992      -7.532057584386823E-002
  0.300499995549520        6.61099990208944      -6.916435977188153E-002
  0.300499995549520        6.91149989763896      -6.225160530546048E-002
  0.300499995549520        7.21199989318848      -5.750057136526744E-002
  0.600999991099040       0.000000000000000E+000  -1.25188018800350     
  0.600999991099040       0.300499995549520       -1.18886027211984     
  0.600999991099040       0.600999991099040       -1.01122580673037     
  0.600999991099040       0.901499986648560      -0.806514472548453     
  0.600999991099040        1.20199998219808      -0.634755018985847     
  0.600999991099040        1.50249997774760      -0.505067327812719     
  0.600999991099040        1.80299997329712      -0.409561607698727     
  0.600999991099040        2.10349996884664      -0.338922992974438     
  0.600999991099040        2.40399996439616      -0.286177769406909     
  0.600999991099040        2.70449995994568      -0.246661779607563     
  0.600999991099040        3.00499995549520      -0.218175703933313     
  0.600999991099040        3.30549995104472      -0.198141589695231     
  0.600999991099040        3.60599994659424      -0.181291527657330     
  0.600999991099040        3.90649994214376      -0.162761754373482     
  0.600999991099040        4.20699993769328      -0.144042676643204     
  0.600999991099040        4.50749993324280      -0.127604829680997     
  0.600999991099040        4.80799992879232      -0.114118165396074     
  0.600999991099040        5.10849992434184      -0.103046693532310     
  0.600999991099040        5.40899991989136      -9.403509130161881E-002
  0.600999991099040        5.70949991544088      -8.676976161475118E-002
  0.600999991099040        6.00999991099040      -8.068805386187740E-002
  0.600999991099040        6.31049990653992      -7.503996381731669E-002
  0.600999991099040        6.61099990208944      -6.895214517834629E-002
  0.600999991099040        6.91149989763896      -6.232483625394793E-002
  0.600999991099040        7.21199989318848      -5.736382887171965E-002
  0.901499986648560       0.000000000000000E+000 -0.943095222185012     
  0.901499986648560       0.300499995549520      -0.906679466881892     
  0.901499986648560       0.600999991099040      -0.806513016244289     
  0.901499986648560       0.901499986648560      -0.677385041712359     
  0.901499986648560        1.20199998219808      -0.555390631691438     
  0.901499986648560        1.50249997774760      -0.455239371265813     
  0.901499986648560        1.80299997329712      -0.377635123564845     
  0.901499986648560        2.10349996884664      -0.318436242554293     
  0.901499986648560        2.40399996439616      -0.273280393428914     
  0.901499986648560        2.70449995994568      -0.238911592998679     
  0.901499986648560        3.00499995549520      -0.212961897508717     
  0.901499986648560        3.30549995104472      -0.192765344018409     
  0.901499986648560        3.60599994659424      -0.174903047509560     
  0.901499986648560        3.90649994214376      -0.157095319859266     
  0.901499986648560        4.20699993769328      -0.139894488432479     
  0.901499986648560        4.50749993324280      -0.124784942606888     
  0.901499986648560        4.80799992879232      -0.112299078612052     
  0.901499986648560        5.10849992434184      -0.102013959387569     
  0.901499986648560        5.40899991989136      -9.346415490231447E-002
  0.901499986648560        5.70949991544088      -8.643644570715026E-002
  0.901499986648560        6.00999991099040      -8.043043756424356E-002
  0.901499986648560        6.31049990653992      -7.487387511058378E-002
  0.901499986648560        6.61099990208944      -6.925638759562003E-002
  0.901499986648560        6.91149989763896      -6.360162960126489E-002
  0.901499986648560        7.21199989318848      -5.882407728995432E-002
   1.20199998219808       0.000000000000000E+000 -0.713918873668628     
   1.20199998219808       0.300499995549520      -0.692818983701602     
   1.20199998219808       0.600999991099040      -0.634754828349952     
   1.20199998219808       0.901499986648560      -0.555390849800559     
   1.20199998219808        1.20199998219808      -0.473543535171403     
   1.20199998219808        1.50249997774760      -0.401086228351625     
   1.20199998219808        1.80299997329712      -0.341720398653184     
   1.20199998219808        2.10349996884664      -0.294373302957984     
   1.20199998219808        2.40399996439616      -0.256985051406557     
   1.20199998219808        2.70449995994568      -0.227589935242321     
   1.20199998219808        3.00499995549520      -0.204173508089661     
   1.20199998219808        3.30549995104472      -0.184696600839132     
   1.20199998219808        3.60599994659424      -0.167140315024869     
   1.20199998219808        3.90649994214376      -0.150477353770761     
   1.20199998219808        4.20699993769328      -0.135014226094962     
   1.20199998219808        4.50749993324280      -0.121479108991611     
   1.20199998219808        4.80799992879232      -0.110115129721372     
   1.20199998219808        5.10849992434184      -0.100685177763793     
   1.20199998219808        5.40899991989136      -9.274640439684929E-002
   1.20199998219808        5.70949991544088      -8.601180353382226E-002
   1.20199998219808        6.00999991099040      -8.012895863030149E-002
   1.20199998219808        6.31049990653992      -7.470057934568373E-002
   1.20199998219808        6.61099990208944      -6.944495775940125E-002
   1.20199998219808        6.91149989763896      -6.436372449300329E-002
   1.20199998219808        7.21199989318848      -5.977180889396782E-002
   1.50249997774760       0.000000000000000E+000 -0.553243992254633     
   1.50249997774760       0.300499995549520      -0.540422323094994     
   1.50249997774760       0.600999991099040      -0.505068590403290     
   1.50249997774760       0.901499986648560      -0.455240309421186     
   1.50249997774760        1.20199998219808      -0.401086707643701     
   1.50249997774760        1.50249997774760      -0.350353530606678     
   1.50249997774760        1.80299997329712      -0.306354733883980     
   1.50249997774760        2.10349996884664      -0.269491886263779     
   1.50249997774760        2.40399996439616      -0.239285282135543     
   1.50249997774760        2.70449995994568      -0.214580611237978     
   1.50249997774760        3.00499995549520      -0.193918272925044     
   1.50249997774760        3.30549995104472      -0.175891864342000     
   1.50249997774760        3.60599994659424      -0.159456918060251     
   1.50249997774760        3.90649994214376      -0.144200937456629     
   1.50249997774760        4.20699993769328      -0.130311513469719     
   1.50249997774760        4.50749993324280      -0.118150434827812     
   1.50249997774760        4.80799992879232      -0.107849922388173     
   1.50249997774760        5.10849992434184      -9.921775177469593E-002
   1.50249997774760        5.40899991989136      -9.187563593946499E-002
   1.50249997774760        5.70949991544088      -8.546178993212974E-002
   1.50249997774760        6.00999991099040      -7.971220153341764E-002
   1.50249997774760        6.31049990653992      -7.438066839356204E-002
   1.50249997774760        6.61099990208944      -6.931154474650626E-002
   1.50249997774760        6.91149989763896      -6.449548453587584E-002
   1.50249997774760        7.21199989318848      -6.004560342228556E-002
   1.80299997329712       0.000000000000000E+000 -0.439831170406179     
   1.80299997329712       0.300499995549520      -0.431817364548205     
   1.80299997329712       0.600999991099040      -0.409563963667645     
   1.80299997329712       0.901499986648560      -0.377636807116673     
   1.80299997329712        1.20199998219808      -0.341721431545892     
   1.80299997329712        1.50249997774760      -0.306355204962984     
   1.80299997329712        1.80299997329712      -0.273995408296905     
   1.80299997329712        2.10349996884664      -0.245754390069686     
   1.80299997329712        2.40399996439616      -0.221695178529332     
   1.80299997329712        2.70449995994568      -0.201178490335366     
   1.80299997329712        3.00499995549520      -0.183268563786203     
   1.80299997329712        3.30549995104472      -0.167106669096837     
   1.80299997329712        3.60599994659424      -0.152170954644157     
   1.80299997329712        3.90649994214376      -0.138362034077371     
   1.80299997329712        4.20699993769328      -0.125878661178052     
   1.80299997329712        4.50749993324280      -0.114952980806702     
   1.80299997329712        4.80799992879232      -0.105627259047302     
   1.80299997329712        5.10849992434184      -9.770257850573927E-002
   1.80299997329712        5.40899991989136      -9.084159798303050E-002
   1.80299997329712        5.70949991544088      -8.471740423397063E-002
   1.80299997329712        6.00999991099040      -7.910166936257704E-002
   1.80299997329712        6.31049990653992      -7.384505879677809E-002
   1.80299997329712        6.61099990208944      -6.887835056490788E-002
   1.80299997329712        6.91149989763896      -6.420696914453627E-002
   1.80299997329712        7.21199989318848      -5.988079808590051E-002
   2.10349996884664       0.000000000000000E+000 -0.357750041899500     
   2.10349996884664       0.300499995549520      -0.352814101100010     
   2.10349996884664       0.600999991099040      -0.338926237036645     
   2.10349996884664       0.901499986648560      -0.318438628915207     
   2.10349996884664        1.20199998219808      -0.294374877720912     
   2.10349996884664        1.50249997774760      -0.269492807119794     
   2.10349996884664        1.80299997329712      -0.245754810127723     
   2.10349996884664        2.10349996884664      -0.224202191531503     
   2.10349996884664        2.40399996439616      -0.205073439296979     
   2.10349996884664        2.70449995994568      -0.188064620501260     
   2.10349996884664        3.00499995549520      -0.172652667804510     
   2.10349996884664        3.30549995104472      -0.158387225924936     
   2.10349996884664        3.60599994659424      -0.145064847766650     
   2.10349996884664        3.90649994214376      -0.132744045275544     
   2.10349996884664        4.20699993769328      -0.121621793335939     
   2.10349996884664        4.50749993324280      -0.111852387370637     
   2.10349996884664        4.80799992879232      -0.103417477861306     
   2.10349996884664        5.10849992434184      -9.611482032448260E-002
   2.10349996884664        5.40899991989136      -8.964921456938574E-002
   2.10349996884664        5.70949991544088      -8.375087885912176E-002
   2.10349996884664        6.00999991099040      -7.824793411606877E-002
   2.10349996884664        6.31049990653992      -7.306750757377217E-002
   2.10349996884664        6.61099990208944      -6.819699514274732E-002
   2.10349996884664        6.91149989763896      -6.365753238117049E-002
   2.10349996884664        7.21199989318848      -5.947399454245790E-002
   2.40399996439616       0.000000000000000E+000 -0.296549209424088     
   2.40399996439616       0.300499995549520      -0.294005586909496     
   2.40399996439616       0.600999991099040      -0.286181743286398     
   2.40399996439616       0.901499986648560      -0.273283357587054     
   2.40399996439616        1.20199998219808      -0.256987117062716     
   2.40399996439616        1.50249997774760      -0.239286652966647     
   2.40399996439616        1.80299997329712      -0.221696022980183     
   2.40399996439616        2.10349996884664      -0.205073844317096     
   2.40399996439616        2.40399996439616      -0.189709901208415     
   2.40399996439616        2.70449995994568      -0.175520381938092     
   2.40399996439616        3.00499995549520      -0.162278415941889     
   2.40399996439616        3.30549995104472      -0.149809790387796     
   2.40399996439616        3.60599994659424      -0.138092508883992     
   2.40399996439616        3.90649994214376      -0.127244294915546     
   2.40399996439616        4.20699993769328      -0.117427619882930     
   2.40399996439616        4.50749993324280      -0.108732151941055     
   2.40399996439616        4.80799992879232      -0.101102396687675     
   2.40399996439616        5.10849992434184      -9.434862138094698E-002
   2.40399996439616        5.40899991989136      -8.822612804318306E-002
   2.40399996439616        5.70949991544088      -8.252894412414349E-002
   2.40399996439616        6.00999991099040      -7.714559439317571E-002
   2.40399996439616        6.31049990653992      -7.205832002425294E-002
   2.40399996439616        6.61099990208944      -6.730479445483729E-002
   2.40399996439616        6.91149989763896      -6.293543972426437E-002
   2.40399996439616        7.21199989318848      -5.896520532320285E-002
   2.70449995994568       0.000000000000000E+000 -0.250928991163112     
   2.70449995994568       0.300499995549520      -0.250179402846953     
   2.70449995994568       0.600999991099040      -0.246666487476495     
   2.70449995994568       0.901499986648560      -0.238915091295785     
   2.70449995994568        1.20199998219808      -0.227592467671856     
   2.70449995994568        1.50249997774760      -0.214582446858438     
   2.70449995994568        1.80299997329712      -0.201179779108764     
   2.70449995994568        2.10349996884664      -0.188065424296174     
   2.70449995994568        2.40399996439616      -0.175520740854011     
   2.70449995994568        2.70449995994568      -0.163591693490418     
   2.70449995994568        3.00499995549520      -0.152236702897565     
   2.70449995994568        3.30549995104472      -0.141439165993114     
   2.70449995994568        3.60599994659424      -0.131256780051301     
   2.70449995994568        3.90649994214376      -0.121804549262637     
   2.70449995994568        4.20699993769328      -0.113194589170206     
   2.70449995994568        4.50749993324280      -0.105466600697927     
   2.70449995994568        4.80799992879232      -9.855018670495236E-002
   2.70449995994568        5.10849992434184      -9.228342282374391E-002
   2.70449995994568        5.40899991989136      -8.647662199151224E-002
   2.70449995994568        5.70949991544088      -8.098418003174652E-002
   2.70449995994568        6.00999991099040      -7.574613637178058E-002
   2.70449995994568        6.31049990653992      -7.078310676229338E-002
   2.70449995994568        6.61099990208944      -6.616124714579945E-002
   2.70449995994568        6.91149989763896      -6.203450205164027E-002
   2.70449995994568        7.21199989318848      -5.841440989560572E-002
   3.00499995549520       0.000000000000000E+000 -0.218236659830923     
   3.00499995549520       0.300499995549520      -0.218985582134378     
   3.00499995549520       0.600999991099040      -0.218181048892543     
   3.00499995549520       0.901499986648560      -0.212965782786295     
   3.00499995549520        1.20199998219808      -0.204176450284072     
   3.00499995549520        1.50249997774760      -0.193920558407783     
   3.00499995549520        1.80299997329712      -0.183270279286372     
   3.00499995549520        2.10349996884664      -0.172653817949109     
   3.00499995549520        2.40399996439616      -0.162279031435755     
   3.00499995549520        2.70449995994568      -0.152236904968547     
   3.00499995549520        3.00499995549520      -0.142571068125750     
   3.00499995549520        3.30549995104472      -0.133327422058183     
   3.00499995549520        3.60599994659424      -0.124574291552496     
   3.00499995549520        3.90649994214376      -0.116394155340016     
   3.00499995549520        4.20699993769328      -0.108854815614726     
   3.00499995549520        4.50749993324280      -0.101968895526130     
   3.00499995549520        4.80799992879232      -9.567213196404836E-002
   3.00499995549520        5.10849992434184      -8.984022407861421E-002
   3.00499995549520        5.40899991989136      -8.433660077320196E-002
   3.00499995549520        5.70949991544088      -7.906607200402754E-002
   3.00499995549520        6.00999991099040      -7.400524210258942E-002
   3.00499995549520        6.31049990653992      -6.917351358509161E-002
   3.00499995549520        6.61099990208944      -6.470041012222658E-002
   3.00499995549520        6.91149989763896      -6.093043710753436E-002
   3.00499995549520        7.21199989318848      -5.783919242756340E-002
   3.30549995104472       0.000000000000000E+000 -0.198210912427368     
   3.30549995104472       0.300499995549520      -0.199177855106966     
   3.30549995104472       0.600999991099040      -0.198146810265893     
   3.30549995104472       0.901499986648560      -0.192769244198243     
   3.30549995104472        1.20199998219808      -0.184699792119784     
   3.30549995104472        1.50249997774760      -0.175894525712238     
   3.30549995104472        1.80299997329712      -0.167108731216592     
   3.30549995104472        2.10349996884664      -0.158388610236962     
   3.30549995104472        2.40399996439616      -0.149810511421547     
   3.30549995104472        2.70449995994568      -0.141439377070833     
   3.30549995104472        3.00499995549520      -0.133327386044530     
   3.30549995104472        3.30549995104472      -0.125521046803324     
   3.30549995104472        3.60599994659424      -0.118064664534380     
   3.30549995104472        3.90649994214376      -0.111003911388799     
   3.30549995104472        4.20699993769328      -0.104382632229903     
   3.30549995104472        4.50749993324280      -9.821152918278382E-002
   3.30549995104472        4.80799992879232      -9.244779866521777E-002
   3.30549995104472        5.10849992434184      -8.700758998895897E-002
   3.30549995104472        5.40899991989136      -8.180047152137135E-002
   3.30549995104472        5.70949991544088      -7.676942433882387E-002
   3.30549995104472        6.00999991099040      -7.191123799942914E-002
   3.30549995104472        6.31049990653992      -6.721855340220592E-002
   3.30549995104472        6.61099990208944      -6.293242999139709E-002
   3.30549995104472        6.91149989763896      -5.963127139013869E-002
   3.30549995104472        7.21199989318848      -5.711094687001481E-002
   3.60599994659424       0.000000000000000E+000 -0.184218102113357     
   3.60599994659424       0.300499995549520      -0.184099381091703     
   3.60599994659424       0.600999991099040      -0.181295825040004     
   3.60599994659424       0.901499986648560      -0.174906649399329     
   3.60599994659424        1.20199998219808      -0.167143603493829     
   3.60599994659424        1.50249997774760      -0.159459845304290     
   3.60599994659424        1.80299997329712      -0.152173236479339     
   3.60599994659424        2.10349996884664      -0.145066324422792     
   3.60599994659424        2.40399996439616      -0.138093185299509     
   3.60599994659424        2.70449995994568      -0.131256839954612     
   3.60599994659424        3.00499995549520      -0.124574041018637     
   3.60599994659424        3.30549995104472      -0.118064424100712     
   3.60599994659424        3.60599994659424      -0.111745055804095     
   3.60599994659424        3.90649994214376      -0.105640220020728     
   3.60599994659424        4.20699993769328      -9.979093380614509E-002
   3.60599994659424        4.50749993324280      -9.422249722686876E-002
   3.60599994659424        4.80799992879232      -8.892020628351793E-002
   3.60599994659424        5.10849992434184      -8.383721687016252E-002
   3.60599994659424        5.40899991989136      -7.892008758329602E-002
   3.60599994659424        5.70949991544088      -7.413989039733943E-002
   3.60599994659424        6.00999991099040      -6.950380844764027E-002
   3.60599994659424        6.31049990653992      -6.502831186437082E-002
   3.60599994659424        6.61099990208944      -6.102770599419881E-002
   3.60599994659424        6.91149989763896      -5.820374592373369E-002
   3.60599994659424        7.21199989318848      -5.605094742689787E-002
   3.90649994214376       0.000000000000000E+000 -0.163812484142499     
   3.90649994214376       0.300499995549520      -0.164925684372962     
   3.90649994214376       0.600999991099040      -0.162765539907783     
   3.90649994214376       0.901499986648560      -0.157098765979729     
   3.90649994214376        1.20199998219808      -0.150480759105375     
   3.90649994214376        1.50249997774760      -0.144204022221757     
   3.90649994214376        1.80299997329712      -0.138364396112819     
   3.90649994214376        2.10349996884664      -0.132745488415615     
   3.90649994214376        2.40399996439616      -0.127244830610345     
   3.90649994214376        2.70449995994568      -0.121804387126634     
   3.90649994214376        3.00499995549520      -0.116393628461614     
   3.90649994214376        3.30549995104472      -0.111003360591210     
   3.90649994214376        3.60599994659424      -0.105639891611248     
   3.90649994214376        3.90649994214376      -0.100330416559449     
   3.90649994214376        4.20699993769328      -9.512537299744092E-002
   3.90649994214376        4.50749993324280      -9.006879261468455E-002
   3.90649994214376        4.80799992879232      -8.517274478523146E-002
   3.90649994214376        5.10849992434184      -8.041996870808475E-002
   3.90649994214376        5.40899991989136      -7.578468323302132E-002
   3.90649994214376        5.70949991544088      -7.126023407723112E-002
   3.90649994214376        6.00999991099040      -6.687154761466101E-002
   3.90649994214376        6.31049990653992      -6.269305606649556E-002
   3.90649994214376        6.61099990208944      -5.905326637371827E-002
   3.90649994214376        6.91149989763896      -5.639676125291654E-002
   3.90649994214376        7.21199989318848      -5.420305150767723E-002
   4.20699993769328       0.000000000000000E+000 -0.146330185865717     
   4.20699993769328       0.300499995549520      -0.146117685273839     
   4.20699993769328       0.600999991099040      -0.144046437484273     
   4.20699993769328       0.901499986648560      -0.139898086773258     
   4.20699993769328        1.20199998219808      -0.135017791249862     
   4.20699993769328        1.50249997774760      -0.130314632456260     
   4.20699993769328        1.80299997329712      -0.125880975972816     
   4.20699993769328        2.10349996884664      -0.121623124031925     
   4.20699993769328        2.40399996439616      -0.117427996194463     
   4.20699993769328        2.70449995994568      -0.113194234817674     
   4.20699993769328        3.00499995549520      -0.108854067599016     
   4.20699993769328        3.30549995104472      -0.104381828136877     
   4.20699993769328        3.60599994659424      -9.979031927178639E-002
   4.20699993769328        3.90649994214376      -9.512506449200300E-002
   4.20699993769328        4.20699993769328      -9.045251726565677E-002
   4.20699993769328        4.50749993324280      -8.583362422964613E-002
   4.20699993769328        4.80799992879232      -8.130064359697736E-002
   4.20699993769328        5.10849992434184      -7.685628734916240E-002
   4.20699993769328        5.40899991989136      -7.249348340167860E-002
   4.20699993769328        5.70949991544088      -6.822347436387470E-002
   4.20699993769328        6.00999991099040      -6.409360978240469E-002
   4.20699993769328        6.31049990653992      -6.020248709947303E-002
   4.20699993769328        6.61099990208944      -5.683172254738629E-002
   4.20699993769328        6.91149989763896      -5.420928458152051E-002
   4.20699993769328        7.21199989318848      -5.198447772162847E-002
   4.50749993324280       0.000000000000000E+000 -0.129862583547433     
   4.50749993324280       0.300499995549520      -0.129345478623597     
   4.50749993324280       0.600999991099040      -0.127608688437731     
   4.50749993324280       0.901499986648560      -0.124788727991880     
   4.50749993324280        1.20199998219808      -0.121482658020849     
   4.50749993324280        1.50249997774760      -0.118153432746518     
   4.50749993324280        1.80299997329712      -0.114955148757961     
   4.50749993324280        2.10349996884664      -0.111853581160704     
   4.50749993324280        2.40399996439616      -0.108732416019405     
   4.50749993324280        2.70449995994568      -0.105466154072825     
   4.50749993324280        3.00499995549520      -0.101968054476462     
   4.50749993324280        3.30549995104472      -9.821060533596204E-002
   4.50749993324280        3.60599994659424      -9.422171877832045E-002
   4.50749993324280        3.90649994214376      -9.006827620548988E-002
   4.50749993324280        4.20699993769328      -8.583338987866632E-002
   4.50749993324280        4.50749993324280      -8.159091836387355E-002
   4.50749993324280        4.80799992879232      -7.738540279072953E-002
   4.50749993324280        5.10849992434184      -7.323108282762059E-002
   4.50749993324280        5.40899991989136      -6.913206956787359E-002
   4.50749993324280        5.70949991544088      -6.511105660315374E-002
   4.50749993324280        6.00999991099040      -6.122799006832117E-002
   4.50749993324280        6.31049990653992      -5.757792301435098E-002
   4.50749993324280        6.61099990208944      -5.432118692796443E-002
   4.50749993324280        6.91149989763896      -5.158895337632772E-002
   4.50749993324280        7.21199989318848      -4.916036359406602E-002
   4.80799992879232       0.000000000000000E+000 -0.115647578165914     
   4.80799992879232       0.300499995549520      -0.115267760516774     
   4.80799992879232       0.600999991099040      -0.114121896162766     
   4.80799992879232       0.901499986648560      -0.112302661932409     
   4.80799992879232        1.20199998219808      -0.110118408391635     
   4.80799992879232        1.50249997774760      -0.107852659197790     
   4.80799992879232        1.80299997329712      -0.105629227357271     
   4.80799992879232        2.10349996884664      -0.103418558596601     
   4.80799992879232        2.40399996439616      -0.101102633308942     
   4.80799992879232        2.70449995994568      -9.854977362699689E-002
   4.80799992879232        3.00499995549520      -9.567134576567971E-002
   4.80799992879232        3.30549995104472      -9.244690991851075E-002
   4.80799992879232        3.60599994659424      -8.891941457847899E-002
   4.80799992879232        3.90649994214376      -8.517215815310886E-002
   4.80799992879232        4.20699993769328      -8.130029228975853E-002
   4.80799992879232        4.50749993324280      -7.738526096979848E-002
   4.80799992879232        4.80799992879232      -7.347796094892775E-002
   4.80799992879232        5.10849992434184      -6.959912847260717E-002
   4.80799992879232        5.40899991989136      -6.575905441061987E-002
   4.80799992879232        5.70949991544088      -6.198374081669804E-002
   4.80799992879232        6.00999991099040      -5.833024584598235E-002
   4.80799992879232        6.31049990653992      -5.488162133792025E-002
   4.80799992879232        6.61099990208944      -5.172384982510643E-002
   4.80799992879232        6.91149989763896      -4.890427335757894E-002
   4.80799992879232        7.21199989318848      -4.636243075276073E-002
   5.10849992434184       0.000000000000000E+000 -0.103944320040567     
   5.10849992434184       0.300499995549520      -0.103727406297283     
   5.10849992434184       0.600999991099040      -0.103049888156994     
   5.10849992434184       0.901499986648560      -0.102017041225163     
   5.10849992434184        1.20199998219808      -0.100688026684866     
   5.10849992434184        1.50249997774760      -9.922016690162525E-002
   5.10849992434184        1.80299997329712      -9.770435886008465E-002
   5.10849992434184        2.10349996884664      -9.611585255855637E-002
   5.10849992434184        2.40399996439616      -9.434893119089902E-002
   5.10849992434184        2.70449995994568      -9.228316656439423E-002
   5.10849992434184        3.00499995549520      -8.983962957135404E-002
   5.10849992434184        3.30549995104472      -8.700688120922638E-002
   5.10849992434184        3.60599994659424      -8.383656030035934E-002
   5.10849992434184        3.90649994214376      -8.041945804628600E-002
   5.10849992434184        4.20699993769328      -7.685595556404666E-002
   5.10849992434184        4.50749993324280      -7.323091860974057E-002
   5.10849992434184        4.80799992879232      -6.959908483175604E-002
   5.10849992434184        5.10849992434184      -6.598618200557796E-002
   5.10849992434184        5.40899991989136      -6.240527874453332E-002
   5.10849992434184        5.70949991544088      -5.887755224661034E-002
   5.10849992434184        6.00999991099040      -5.544331318299805E-002
   5.10849992434184        6.31049990653992      -5.215802167010465E-002
   5.10849992434184        6.61099990208944      -4.908268613725165E-002
   5.10849992434184        6.91149989763896      -4.628644208940818E-002
   5.10849992434184        7.21199989318848      -4.376074891814850E-002
   5.40899991989136       0.000000000000000E+000 -9.454319298437470E-002
   5.40899991989136       0.300499995549520      -9.440608597478040E-002
   5.40899991989136       0.600999991099040      -9.403794682386478E-002
   5.40899991989136       0.901499986648560      -9.346682318497458E-002
   5.40899991989136        1.20199998219808      -9.274883601329265E-002
   5.40899991989136        1.50249997774760      -9.187777674366654E-002
   5.40899991989136        1.80299997329712      -9.084327146322357E-002
   5.40899991989136        2.10349996884664      -8.965029855061160E-002
   5.40899991989136        2.40399996439616      -8.822662215768419E-002
   5.40899991989136        2.70449995994568      -8.647664134231790E-002
   5.40899991989136        3.00499995549520      -8.433632390861467E-002
   5.40899991989136        3.30549995104472      -8.180007491854061E-002
   5.40899991989136        3.60599994659424      -7.891970217667972E-002
   5.40899991989136        3.90649994214376      -7.578438491850800E-002
   5.40899991989136        4.20699993769328      -7.249330331395193E-002
   5.40899991989136        4.50749993324280      -6.913200543817816E-002
   5.40899991989136        4.80799992879232      -6.575907535953755E-002
   5.40899991989136        5.10849992434184      -6.240532729200193E-002
   5.40899991989136        5.40899991989136      -5.908436293541200E-002
   5.40899991989136        5.70949991544088      -5.580643364718330E-002
   5.40899991989136        6.00999991099040      -5.258388196273477E-002
   5.40899991989136        6.31049990653992      -4.944841765546296E-002
   5.40899991989136        6.61099990208944      -4.647967864045960E-002
   5.40899991989136        6.91149989763896      -4.375601196798211E-002
   5.40899991989136        7.21199989318848      -4.132476331212139E-002
   5.70949991544088       0.000000000000000E+000 -8.708825836394328E-002
   5.70949991544088       0.300499995549520      -8.700287327625665E-002
   5.70949991544088       0.600999991099040      -8.677258288255858E-002
   5.70949991544088       0.901499986648560      -8.643906216672526E-002
   5.70949991544088        1.20199998219808      -8.601416703234478E-002
   5.70949991544088        1.50249997774760      -8.546383650350926E-002
   5.70949991544088        1.80299997329712      -8.471910872021304E-002
   5.70949991544088        2.10349996884664      -8.375214257671773E-002
   5.70949991544088        2.40399996439616      -8.252974669529851E-002
   5.70949991544088        2.70449995994568      -8.098460321860788E-002
   5.70949991544088        3.00499995549520      -7.906624808773492E-002
   5.70949991544088        3.30549995104472      -7.676947477431441E-002
   5.70949991544088        3.60599994659424      -7.413989916199638E-002
   5.70949991544088        3.90649994214376      -7.126025645517182E-002
   5.70949991544088        4.20699993769328      -6.822354416053993E-002
   5.70949991544088        4.50749993324280      -6.511118405932183E-002
   5.70949991544088        4.80799992879232      -6.198391198237453E-002
   5.70949991544088        5.10849992434184      -5.887772998950761E-002
   5.70949991544088        5.40899991989136      -5.580655979917246E-002
   5.70949991544088        5.70949991544088      -5.276786054332810E-002
   5.70949991544088        6.00999991099040      -4.973782487524482E-002
   5.70949991544088        6.31049990653992      -4.674023901149362E-002
   5.70949991544088        6.61099990208944      -4.386265293571100E-002
   5.70949991544088        6.91149989763896      -4.121953158728400E-002
   5.70949991544088        7.21199989318848      -3.889210307331257E-002
   6.00999991099040       0.000000000000000E+000 -8.101462243764608E-002
   6.00999991099040       0.300499995549520      -8.091588700237974E-002
   6.00999991099040       0.600999991099040      -8.069113802937894E-002
   6.00999991099040       0.901499986648560      -8.043324054181855E-002
   6.00999991099040        1.20199998219808      -8.013151321565996E-002
   6.00999991099040        1.50249997774760      -7.971445012329599E-002
   6.00999991099040        1.80299997329712      -7.910357541230403E-002
   6.00999991099040        2.10349996884664      -7.824951211889383E-002
   6.00999991099040        2.40399996439616      -7.714683653530999E-002
   6.00999991099040        2.70449995994568      -7.574711511275620E-002
   6.00999991099040        3.00499995549520      -7.400605216262589E-002
   6.00999991099040        3.30549995104472      -7.191191154183327E-002
   6.00999991099040        3.60599994659424      -6.950432870086234E-002
   6.00999991099040        3.90649994214376      -6.687195454682229E-002
   6.00999991099040        4.20699993769328      -6.409396621328584E-002
   6.00999991099040        4.50749993324280      -6.122833960761891E-002
   6.00999991099040        4.80799992879232      -5.833060101779884E-002
   6.00999991099040        5.10849992434184      -5.544366311202962E-002
   6.00999991099040        5.40899991989136      -5.258418905782115E-002
   6.00999991099040        5.70949991544088      -4.973799168044489E-002
   6.00999991099040        6.00999991099040      -4.685222086884742E-002
   6.00999991099040        6.31049990653992      -4.392293668119184E-002
   6.00999991099040        6.61099990208944      -4.105176718554705E-002
   6.00999991099040        6.91149989763896      -3.843036125380853E-002
   6.00999991099040        7.21199989318848      -3.620167672775775E-002
   6.31049990653992       0.000000000000000E+000 -7.550917788426884E-002
   6.31049990653992       0.300499995549520      -7.532511704508155E-002
   6.31049990653992       0.600999991099040      -7.504363316034550E-002
   6.31049990653992       0.901499986648560      -7.487703185604505E-002
   6.31049990653992        1.20199998219808      -7.470343784317847E-002
   6.31049990653992        1.50249997774760      -7.438323380294891E-002
   6.31049990653992        1.80299997329712      -7.384731181336200E-002
   6.31049990653992        2.10349996884664      -7.306949899465481E-002
   6.31049990653992        2.40399996439616      -7.206011122024027E-002
   6.31049990653992        2.70449995994568      -7.078482262413285E-002
   6.31049990653992        3.00499995549520      -6.917520840033339E-002
   6.31049990653992        3.30549995104472      -6.722001591993929E-002
   6.31049990653992        3.60599994659424      -6.502936432618334E-002
   6.31049990653992        3.90649994214376      -6.269379672328905E-002
   6.31049990653992        4.20699993769328      -6.020310480228465E-002
   6.31049990653992        4.50749993324280      -5.757846656663067E-002
   6.31049990653992        4.80799992879232      -5.488214196467734E-002
   6.31049990653992        5.10849992434184      -5.215854310956296E-002
   6.31049990653992        5.40899991989136      -4.944888235860867E-002
   6.31049990653992        5.70949991544088      -4.674053970067014E-002
   6.31049990653992        6.00999991099040      -4.392306360181266E-002
   6.31049990653992        6.31049990653992      -4.092124576457027E-002
   6.31049990653992        6.61099990208944      -3.783100328216660E-002
   6.31049990653992        6.91149989763896      -3.504353530981937E-002
   6.31049990653992        7.21199989318848      -3.289511511645352E-002
   6.61099990208944       0.000000000000000E+000 -6.961849036009328E-002
   6.61099990208944       0.300499995549520      -6.917048995586231E-002
   6.61099990208944       0.600999991099040      -6.895650323792304E-002
   6.61099990208944       0.901499986648560      -6.925992956654979E-002
   6.61099990208944        1.20199998219808      -6.944812353187579E-002
   6.61099990208944        1.50249997774760      -6.931440838602680E-002
   6.61099990208944        1.80299997329712      -6.888094238257961E-002
   6.61099990208944        2.10349996884664      -6.819940932592651E-002
   6.61099990208944        2.40399996439616      -6.730715954058797E-002
   6.61099990208944        2.70449995994568      -6.616377832051376E-002
   6.61099990208944        3.00499995549520      -6.470301589892798E-002
   6.61099990208944        3.30549995104472      -6.293466285615407E-002
   6.61099990208944        3.60599994659424      -6.102912976305381E-002
   6.61099990208944        3.90649994214376      -5.905411815329968E-002
   6.61099990208944        4.20699993769328      -5.683248145093650E-002
   6.61099990208944        4.50749993324280      -5.432191285451911E-002
   6.61099990208944        4.80799992879232      -5.172450533947786E-002
   6.61099990208944        5.10849992434184      -4.908335327114885E-002
   6.61099990208944        5.40899991989136      -4.648024512066248E-002
   6.61099990208944        5.70949991544088      -4.386303657050864E-002
   6.61099990208944        6.00999991099040      -4.105196547979339E-002
   6.61099990208944        6.31049990653992      -3.783105582527253E-002
   6.61099990208944        6.61099990208944      -3.416370817960352E-002
   6.61099990208944        6.91149989763896      -3.078639770659974E-002
   6.61099990208944        7.21199989318848      -2.872630179195294E-002
   6.91149989763896       0.000000000000000E+000 -6.332986050798745E-002
   6.91149989763896       0.300499995549520      -6.225808945756783E-002
   6.91149989763896       0.600999991099040      -6.232930158339745E-002
   6.91149989763896       0.901499986648560      -6.360537346564762E-002
   6.91149989763896        1.20199998219808      -6.436711302856618E-002
   6.91149989763896        1.50249997774760      -6.449856951926083E-002
   6.91149989763896        1.80299997329712      -6.420981349916219E-002
   6.91149989763896        2.10349996884664      -6.366026845120899E-002
   6.91149989763896        2.40399996439616      -6.293822809096690E-002
   6.91149989763896        2.70449995994568      -6.203747463827162E-002
   6.91149989763896        3.00499995549520      -6.093338388211293E-002
   6.91149989763896        3.30549995104472      -5.963356775303761E-002
   6.91149989763896        3.60599994659424      -5.820480677867279E-002
   6.91149989763896        3.90649994214376      -5.639736677203296E-002
   6.91149989763896        4.20699993769328      -5.421009983212494E-002
   6.91149989763896        4.50749993324280      -5.158986714392359E-002
   6.91149989763896        4.80799992879232      -4.890508260635219E-002
   6.91149989763896        5.10849992434184      -4.628723230274637E-002
   6.91149989763896        5.40899991989136      -4.375666367042260E-002
   6.91149989763896        5.70949991544088      -4.121998626121316E-002
   6.91149989763896        6.00999991099040      -3.843061197802491E-002
   6.91149989763896        6.31049990653992      -3.504357961638838E-002
   6.91149989763896        6.61099990208944      -3.078628366994578E-002
   6.91149989763896        6.91149989763896      -2.654630649243849E-002
   6.91149989763896        7.21199989318848      -2.460260748852715E-002
   7.21199989318848       0.000000000000000E+000 -5.865169280288302E-002
   7.21199989318848       0.300499995549520      -5.750482969382947E-002
   7.21199989318848       0.600999991099040      -5.736770055357757E-002
   7.21199989318848       0.901499986648560      -5.882784432227283E-002
   7.21199989318848        1.20199998219808      -5.977535674726542E-002
   7.21199989318848        1.50249997774760      -6.004886277401269E-002
   7.21199989318848        1.80299997329712      -5.988382393207720E-002
   7.21199989318848        2.10349996884664      -5.947691491424647E-002
   7.21199989318848        2.40399996439616      -5.896810850001204E-002
   7.21199989318848        2.70449995994568      -5.841719883050950E-002
   7.21199989318848        3.00499995549520      -5.784154007440796E-002
   7.21199989318848        3.30549995104472      -5.711233324041149E-002
   7.21199989318848        3.60599994659424      -5.605152014847190E-002
   7.21199989318848        3.90649994214376      -5.420378157228573E-002
   7.21199989318848        4.20699993769328      -5.198560358655417E-002
   7.21199989318848        4.50749993324280      -4.916156761754094E-002
   7.21199989318848        4.80799992879232      -4.636348426041659E-002
   7.21199989318848        5.10849992434184      -4.376171640008027E-002
   7.21199989318848        5.40899991989136      -4.132555270986751E-002
   7.21199989318848        5.70949991544088      -3.889268091131109E-002
   7.21199989318848        6.00999991099040      -3.620203211154880E-002
   7.21199989318848        6.31049990653992      -3.289518664924702E-002
   7.21199989318848        6.61099990208944      -2.872600131960381E-002
   7.21199989318848        6.91149989763896      -2.460216872419784E-002
   7.21199989318848        7.21199989318848      -2.244253284590169E-002
