  0.000000000000000E+000  0.000000000000000E+000 -0.439831170406178     
  0.000000000000000E+000  0.300499995549520      -0.368171095098063     
  0.000000000000000E+000  0.600999991099040      -0.302685052088302     
  0.000000000000000E+000  0.901499986648560      -0.267207836449090     
  0.000000000000000E+000   1.20199998219808      -0.246868023767036     
  0.000000000000000E+000   1.50249997774760      -0.231769806171250     
  0.000000000000000E+000   1.80299997329712      -0.217283842780681     
  0.000000000000000E+000   2.10349996884664      -0.201625126909794     
  0.000000000000000E+000   2.40399996439616      -0.184787499132534     
  0.000000000000000E+000   2.70449995994568      -0.168310605991100     
  0.000000000000000E+000   3.00499995549520      -0.154423519884827     
  0.000000000000000E+000   3.30549995104472      -0.147455578432055     
  0.000000000000000E+000   3.60599994659424      -0.142743732399600     
  0.000000000000000E+000   3.90649994214376      -0.130690439607701     
  0.000000000000000E+000   4.20699993769328      -0.118735330165368     
  0.000000000000000E+000   4.50749993324280      -0.105869014359012     
  0.000000000000000E+000   4.80799992879232      -9.481738871859755E-002
  0.000000000000000E+000   5.10849992434184      -8.612368137014161E-002
  0.000000000000000E+000   5.40899991989136      -7.957755587584894E-002
  0.000000000000000E+000   5.70949991544088      -7.502615756401404E-002
  0.000000000000000E+000   6.00999991099040      -7.189710226026702E-002
  0.000000000000000E+000   6.31049990653992      -6.927353140338380E-002
  0.000000000000000E+000   6.61099990208944      -6.620352651167020E-002
  0.000000000000000E+000   6.91149989763896      -6.313067687589430E-002
  0.000000000000000E+000   7.21199989318848      -5.988199459080150E-002
  0.300499995549520       0.000000000000000E+000 -0.467541957380176     
  0.300499995549520       0.300499995549520      -0.411877488814046     
  0.300499995549520       0.600999991099040      -0.347393103640774     
  0.300499995549520       0.901499986648560      -0.307144088601161     
  0.300499995549520        1.20199998219808      -0.280465052892237     
  0.300499995549520        1.50249997774760      -0.259218915456053     
  0.300499995549520        1.80299997329712      -0.239375333097297     
  0.300499995549520        2.10349996884664      -0.219247311676789     
  0.300499995549520        2.40399996439616      -0.199071438128989     
  0.300499995549520        2.70449995994568      -0.180151757293459     
  0.300499995549520        3.00499995549520      -0.163861800444527     
  0.300499995549520        3.30549995104472      -0.153778913897776     
  0.300499995549520        3.60599994659424      -0.147723763602747     
  0.300499995549520        3.90649994214376      -0.136525228959110     
  0.300499995549520        4.20699993769328      -0.122966959498170     
  0.300499995549520        4.50749993324280      -0.109543553382330     
  0.300499995549520        4.80799992879232      -9.817209564317536E-002
  0.300499995549520        5.10849992434184      -8.906609970251786E-002
  0.300499995549520        5.40899991989136      -8.206396231443844E-002
  0.300499995549520        5.70949991544088      -7.701721889266891E-002
  0.300499995549520        6.00999991099040      -7.330805145549051E-002
  0.300499995549520        6.31049990653992      -7.004928066616826E-002
  0.300499995549520        6.61099990208944      -6.627332360282182E-002
  0.300499995549520        6.91149989763896      -6.229468214312372E-002
  0.300499995549520        7.21199989318848      -5.919940060852032E-002
  0.600999991099040       0.000000000000000E+000 -0.479875086808476     
  0.600999991099040       0.300499995549520      -0.454770655747236     
  0.600999991099040       0.600999991099040      -0.403923423167131     
  0.600999991099040       0.901499986648560      -0.356508097949962     
  0.600999991099040        1.20199998219808      -0.318797683707019     
  0.600999991099040        1.50249997774760      -0.287942442963514     
  0.600999991099040        1.80299997329712      -0.260807425297378     
  0.600999991099040        2.10349996884664      -0.235620274053127     
  0.600999991099040        2.40399996439616      -0.212528844619203     
  0.600999991099040        2.70449995994568      -0.192245851148466     
  0.600999991099040        3.00499995549520      -0.174679346423327     
  0.600999991099040        3.30549995104472      -0.161371441932115     
  0.600999991099040        3.60599994659424      -0.151013605554317     
  0.600999991099040        3.90649994214376      -0.139150347214887     
  0.600999991099040        4.20699993769328      -0.125407268816092     
  0.600999991099040        4.50749993324280      -0.112127902208274     
  0.600999991099040        4.80799992879232      -0.100908563819417     
  0.600999991099040        5.10849992434184      -9.164225265172775E-002
  0.600999991099040        5.40899991989136      -8.432252644036951E-002
  0.600999991099040        5.70949991544088      -7.875518696152274E-002
  0.600999991099040        6.00999991099040      -7.437397352082641E-002
  0.600999991099040        6.31049990653992      -7.044207088461414E-002
  0.600999991099040        6.61099990208944      -6.625675935747206E-002
  0.600999991099040        6.91149989763896      -6.183650025982311E-002
  0.600999991099040        7.21199989318848      -5.794547975513625E-002
  0.901499986648560       0.000000000000000E+000 -0.510917138636062     
  0.901499986648560       0.300499995549520      -0.492875144552837     
  0.901499986648560       0.600999991099040      -0.449252837571366     
  0.901499986648560       0.901499986648560      -0.398920657289084     
  0.901499986648560        1.20199998219808      -0.352833789927347     
  0.901499986648560        1.50249997774760      -0.313168963905583     
  0.901499986648560        1.80299997329712      -0.278956281729076     
  0.901499986648560        2.10349996884664      -0.248996538508886     
  0.901499986648560        2.40399996439616      -0.223628944923598     
  0.901499986648560        2.70449995994568      -0.202011196098099     
  0.901499986648560        3.00499995549520      -0.183301617811118     
  0.901499986648560        3.30549995104472      -0.167424150538014     
  0.901499986648560        3.60599994659424      -0.153590218419767     
  0.901499986648560        3.90649994214376      -0.140071302365097     
  0.901499986648560        4.20699993769328      -0.126447865744064     
  0.901499986648560        4.50749993324280      -0.113777165952252     
  0.901499986648560        4.80799992879232      -0.102948059437688     
  0.901499986648560        5.10849992434184      -9.384716075068901E-002
  0.901499986648560        5.40899991989136      -8.631568670996652E-002
  0.901499986648560        5.70949991544088      -8.029940774448820E-002
  0.901499986648560        6.00999991099040      -7.529991129258587E-002
  0.901499986648560        6.31049990653992      -7.077699850516543E-002
  0.901499986648560        6.61099990208944      -6.629390676149848E-002
  0.901499986648560        6.91149989763896      -6.176085747954146E-002
  0.901499986648560        7.21199989318848      -5.751802688302224E-002
   1.20199998219808       0.000000000000000E+000 -0.533312477499619     
   1.20199998219808       0.300499995549520      -0.518154108485026     
   1.20199998219808       0.600999991099040      -0.478520874236903     
   1.20199998219808       0.901499986648560      -0.428004211807883     
   1.20199998219808        1.20199998219808      -0.377324496918877     
   1.20199998219808        1.50249997774760      -0.331517664047515     
   1.20199998219808        1.80299997329712      -0.291812139741592     
   1.20199998219808        2.10349996884664      -0.258600938606482     
   1.20199998219808        2.40399996439616      -0.231418235607791     
   1.20199998219808        2.70449995994568      -0.208398443531367     
   1.20199998219808        3.00499995549520      -0.188479940389859     
   1.20199998219808        3.30549995104472      -0.171014423897838     
   1.20199998219808        3.60599994659424      -0.155308913656260     
   1.20199998219808        3.90649994214376      -0.140720043145368     
   1.20199998219808        4.20699993769328      -0.127144640133017     
   1.20199998219808        4.50749993324280      -0.115011502602293     
   1.20199998219808        4.80799992879232      -0.104549131953701     
   1.20199998219808        5.10849992434184      -9.565011485582685E-002
   1.20199998219808        5.40899991989136      -8.807878332753188E-002
   1.20199998219808        5.70949991544088      -8.170142244607727E-002
   1.20199998219808        6.00999991099040      -7.618028651037868E-002
   1.20199998219808        6.31049990653992      -7.114082908653402E-002
   1.20199998219808        6.61099990208944      -6.632552916064142E-002
   1.20199998219808        6.91149989763896      -6.166955751405022E-002
   1.20199998219808        7.21199989318848      -5.732141542294747E-002
   1.50249997774760       0.000000000000000E+000 -0.541614210999138     
   1.50249997774760       0.300499995549520      -0.528128464182197     
   1.50249997774760       0.600999991099040      -0.491849245935987     
   1.50249997774760       0.901499986648560      -0.442720241809700     
   1.50249997774760        1.20199998219808      -0.390385017903356     
   1.50249997774760        1.50249997774760      -0.341105524411190     
   1.50249997774760        1.80299997329712      -0.298413576790809     
   1.50249997774760        2.10349996884664      -0.263835951462524     
   1.50249997774760        2.40399996439616      -0.235376154011981     
   1.50249997774760        2.70449995994568      -0.211395763737599     
   1.50249997774760        3.00499995549520      -0.190736953672591     
   1.50249997774760        3.30549995104472      -0.172537163184782     
   1.50249997774760        3.60599994659424      -0.156173925130675     
   1.50249997774760        3.90649994214376      -0.141303189203468     
   1.50249997774760        4.20699993769328      -0.127896087055969     
   1.50249997774760        4.50749993324280      -0.116080706405249     
   1.50249997774760        4.80799992879232      -0.105885886404516     
   1.50249997774760        5.10849992434184      -9.714749299546303E-002
   1.50249997774760        5.40899991989136      -8.959299063283820E-002
   1.50249997774760        5.70949991544088      -8.296324394515883E-002
   1.50249997774760        6.00999991099040      -7.702716133021399E-002
   1.50249997774760        6.31049990653992      -7.156146886618418E-002
   1.50249997774760        6.61099990208944      -6.644019975496521E-002
   1.50249997774760        6.91149989763896      -6.164418381958957E-002
   1.50249997774760        7.21199989318848      -5.723784566550710E-002
   1.80299997329712       0.000000000000000E+000 -0.536487869647486     
   1.80299997329712       0.300499995549520      -0.524342942324842     
   1.80299997329712       0.600999991099040      -0.490201439988337     
   1.80299997329712       0.901499986648560      -0.442919444228692     
   1.80299997329712        1.20199998219808      -0.390722632050385     
   1.80299997329712        1.50249997774760      -0.341187840475746     
   1.80299997329712        1.80299997329712      -0.299296288897385     
   1.80299997329712        2.10349996884664      -0.264365718493541     
   1.80299997329712        2.40399996439616      -0.235299708400934     
   1.80299997329712        2.70449995994568      -0.211005525553455     
   1.80299997329712        3.00499995549520      -0.190350232459573     
   1.80299997329712        3.30549995104472      -0.172303955612353     
   1.80299997329712        3.60599994659424      -0.156135008164649     
   1.80299997329712        3.90649994214376      -0.141506057966345     
   1.80299997329712        4.20699993769328      -0.128397222276589     
   1.80299997329712        4.50749993324280      -0.116889223012167     
   1.80299997329712        4.80799992879232      -0.106949678776618     
   1.80299997329712        5.10849992434184      -9.836361908052565E-002
   1.80299997329712        5.40899991989136      -9.081689509074477E-002
   1.80299997329712        5.70949991544088      -8.402345778846321E-002
   1.80299997329712        6.00999991099040      -7.778541161915362E-002
   1.80299997329712        6.31049990653992      -7.199229973490125E-002
   1.80299997329712        6.61099990208944      -6.662469363483570E-002
   1.80299997329712        6.91149989763896      -6.170082787138656E-002
   1.80299997329712        7.21199989318848      -5.725406072553909E-002
   2.10349996884664       0.000000000000000E+000 -0.520755122477655     
   2.10349996884664       0.300499995549520      -0.507968289716216     
   2.10349996884664       0.600999991099040      -0.474750874077574     
   2.10349996884664       0.901499986648560      -0.428385565646445     
   2.10349996884664        1.20199998219808      -0.380113535110357     
   2.10349996884664        1.50249997774760      -0.334906806462079     
   2.10349996884664        1.80299997329712      -0.294701040885589     
   2.10349996884664        2.10349996884664      -0.260189010307732     
   2.10349996884664        2.40399996439616      -0.231341610085262     
   2.10349996884664        2.70449995994568      -0.207499818248471     
   2.10349996884664        3.00499995549520      -0.187555758754950     
   2.10349996884664        3.30549995104472      -0.170322438068410     
   2.10349996884664        3.60599994659424      -0.154914763645490     
   2.10349996884664        3.90649994214376      -0.140928217268028     
   2.10349996884664        4.20699993769328      -0.128342133147574     
   2.10349996884664        4.50749993324280      -0.117251953710713     
   2.10349996884664        4.80799992879232      -0.107624582346166     
   2.10349996884664        5.10849992434184      -9.922394423026408E-002
   2.10349996884664        5.40899991989136      -9.171200474450272E-002
   2.10349996884664        5.70949991544088      -8.480536920061282E-002
   2.10349996884664        6.00999991099040      -7.836045972182838E-002
   2.10349996884664        6.31049990653992      -7.235157234916596E-002
   2.10349996884664        6.61099990208944      -6.680908413176156E-002
   2.10349996884664        6.91149989763896      -6.180792443797967E-002
   2.10349996884664        7.21199989318848      -5.735179293433441E-002
   2.40399996439616       0.000000000000000E+000 -0.503539667746649     
   2.40399996439616       0.300499995549520      -0.489828224637498     
   2.40399996439616       0.600999991099040      -0.454441725367717     
   2.40399996439616       0.901499986648560      -0.410681431561513     
   2.40399996439616        1.20199998219808      -0.365912622071167     
   2.40399996439616        1.50249997774760      -0.323404670579092     
   2.40399996439616        1.80299997329712      -0.284973148325998     
   2.40399996439616        2.10349996884664      -0.251732305509819     
   2.40399996439616        2.40399996439616      -0.224051302644619     
   2.40399996439616        2.70449995994568      -0.201455731767617     
   2.40399996439616        3.00499995549520      -0.182822166486646     
   2.40399996439616        3.30549995104472      -0.166848722474395     
   2.40399996439616        3.60599994659424      -0.152542049852284     
   2.40399996439616        3.90649994214376      -0.139451911909236     
   2.40399996439616        4.20699993769328      -0.127568023918609     
   2.40399996439616        4.50749993324280      -0.117015356923566     
   2.40399996439616        4.80799992879232      -0.107776916408668     
   2.40399996439616        5.10849992434184      -9.961327590561714E-002
   2.40399996439616        5.40899991989136      -9.218213298068285E-002
   2.40399996439616        5.70949991544088      -8.521964024168167E-002
   2.40399996439616        6.00999991099040      -7.863704270635742E-002
   2.40399996439616        6.31049990653992      -7.248606863674112E-002
   2.40399996439616        6.61099990208944      -6.686107882216534E-002
   2.40399996439616        6.91149989763896      -6.184452679509468E-002
   2.40399996439616        7.21199989318848      -5.748986678460123E-002
   2.70449995994568       0.000000000000000E+000 -0.489782161736406     
   2.70449995994568       0.300499995549520      -0.476599791406473     
   2.70449995994568       0.600999991099040      -0.441105892129921     
   2.70449995994568       0.901499986648560      -0.393980410562885     
   2.70449995994568        1.20199998219808      -0.348167646649353     
   2.70449995994568        1.50249997774760      -0.307187442695050     
   2.70449995994568        1.80299997329712      -0.270925268503957     
   2.70449995994568        2.10349996884664      -0.239890883487088     
   2.70449995994568        2.40399996439616      -0.214298729101421     
   2.70449995994568        2.70449995994568      -0.193629460166594     
   2.70449995994568        3.00499995549520      -0.176722551367911     
   2.70449995994568        3.30549995104472      -0.162241385156768     
   2.70449995994568        3.60599994659424      -0.149178358618364     
   2.70449995994568        3.90649994214376      -0.137097512050723     
   2.70449995994568        4.20699993769328      -0.126019391826699     
   2.70449995994568        4.50749993324280      -0.116094055964192     
   2.70449995994568        4.80799992879232      -0.107313077966828     
   2.70449995994568        5.10849992434184      -9.943835164916252E-002
   2.70449995994568        5.40899991989136      -9.213937182019084E-002
   2.70449995994568        5.70949991544088      -8.518528254271829E-002
   2.70449995994568        6.00999991099040      -7.853676386666186E-002
   2.70449995994568        6.31049990653992      -7.228657303586433E-002
   2.70449995994568        6.61099990208944      -6.657850512032214E-002
   2.70449995994568        6.91149989763896      -6.168935724709454E-002
   2.70449995994568        7.21199989318848      -5.765360943655621E-002
   3.00499995549520       0.000000000000000E+000 -0.466111802844347     
   3.00499995549520       0.300499995549520      -0.453901395710157     
   3.00499995549520       0.600999991099040      -0.419359506840906     
   3.00499995549520       0.901499986648560      -0.372949258610068     
   3.00499995549520        1.20199998219808      -0.326684786988056     
   3.00499995549520        1.50249997774760      -0.287281410933127     
   3.00499995549520        1.80299997329712      -0.253854751511738     
   3.00499995549520        2.10349996884664      -0.225859507449134     
   3.00499995549520        2.40399996439616      -0.203052429736499     
   3.00499995549520        2.70449995994568      -0.184743844176306     
   3.00499995549520        3.00499995549520      -0.169756039422120     
   3.00499995549520        3.30549995104472      -0.156814566513570     
   3.00499995549520        3.60599994659424      -0.144997322285120     
   3.00499995549520        3.90649994214376      -0.133941963030582     
   3.00499995549520        4.20699993769328      -0.123713201325240     
   3.00499995549520        4.50749993324280      -0.114470704841975     
   3.00499995549520        4.80799992879232      -0.106196923146148     
   3.00499995549520        5.10849992434184      -9.865432373122468E-002
   3.00499995549520        5.40899991989136      -9.153803752481504E-002
   3.00499995549520        5.70949991544088      -8.466237345255069E-002
   3.00499995549520        6.00999991099040      -7.803252156261463E-002
   3.00499995549520        6.31049990653992      -7.174059006082284E-002
   3.00499995549520        6.61099990208944      -6.602638791505977E-002
   3.00499995549520        6.91149989763896      -6.141583528501215E-002
   3.00499995549520        7.21199989318848      -5.793344826052453E-002
   3.30549995104472       0.000000000000000E+000 -0.433968706317704     
   3.30549995104472       0.300499995549520      -0.424864181382737     
   3.30549995104472       0.600999991099040      -0.392196529202545     
   3.30549995104472       0.901499986648560      -0.346431219959960     
   3.30549995104472        1.20199998219808      -0.301911934742061     
   3.30549995104472        1.50249997774760      -0.265046695094101     
   3.30549995104472        1.80299997329712      -0.235179346094104     
   3.30549995104472        2.10349996884664      -0.210781900810258     
   3.30549995104472        2.40399996439616      -0.191114797642937     
   3.30549995104472        2.70449995994568      -0.175316519144638     
   3.30549995104472        3.00499995549520      -0.162247043140591     
   3.30549995104472        3.30549995104472      -0.150777251458056     
   3.30549995104472        3.60599994659424      -0.140142319362903     
   3.30549995104472        3.90649994214376      -0.130087246520647     
   3.30549995104472        4.20699993769328      -0.120717616359563     
   3.30549995104472        4.50749993324280      -0.112182492931878     
   3.30549995104472        4.80799992879232      -0.104441074820253     
   3.30549995104472        5.10849992434184      -9.725876523008982E-002
   3.30549995104472        5.40899991989136      -9.036955257178460E-002
   3.30549995104472        5.70949991544088      -8.364353920168020E-002
   3.30549995104472        6.00999991099040      -7.712667838328549E-002
   3.30549995104472        6.31049990653992      -7.086949524918959E-002
   3.30549995104472        6.61099990208944      -6.522116278506668E-002
   3.30549995104472        6.91149989763896      -6.102678781487546E-002
   3.30549995104472        7.21199989318848      -5.812430266757006E-002
   3.60599994659424       0.000000000000000E+000 -0.395171646783021     
   3.60599994659424       0.300499995549520      -0.388249462060804     
   3.60599994659424       0.600999991099040      -0.358096984913434     
   3.60599994659424       0.901499986648560      -0.315278365652585     
   3.60599994659424        1.20199998219808      -0.274527800417680     
   3.60599994659424        1.50249997774760      -0.241623542077157     
   3.60599994659424        1.80299997329712      -0.215985930376224     
   3.60599994659424        2.10349996884664      -0.195456249882898     
   3.60599994659424        2.40399996439616      -0.178985742843236     
   3.60599994659424        2.70449995994568      -0.165638339390959     
   3.60599994659424        3.00499995549520      -0.154379056629645     
   3.60599994659424        3.30549995104472      -0.144275606919493     
   3.60599994659424        3.60599994659424      -0.134752272747970     
   3.60599994659424        3.90649994214376      -0.125665762270910     
   3.60599994659424        4.20699993769328      -0.117144929838057     
   3.60599994659424        4.50749993324280      -0.109310068645854     
   3.60599994659424        4.80799992879232      -0.102094668541038     
   3.60599994659424        5.10849992434184      -9.527838007639539E-002
   3.60599994659424        5.40899991989136      -8.864829837485060E-002
   3.60599994659424        5.70949991544088      -8.213749817652467E-002
   3.60599994659424        6.00999991099040      -7.582854412526883E-002
   3.60599994659424        6.31049990653992      -6.977488477806343E-002
   3.60599994659424        6.61099990208944      -6.438875811260078E-002
   3.60599994659424        6.91149989763896      -6.067878172623525E-002
   3.60599994659424        7.21199989318848      -5.807347348688539E-002
   3.90649994214376       0.000000000000000E+000 -0.334273593632001     
   3.90649994214376       0.300499995549520      -0.331325770619440     
   3.90649994214376       0.600999991099040      -0.310620400233397     
   3.90649994214376       0.901499986648560      -0.277588185108916     
   3.90649994214376        1.20199998219808      -0.244585690101916     
   3.90649994214376        1.50249997774760      -0.217703829798756     
   3.90649994214376        1.80299997329712      -0.196904680244590     
   3.90649994214376        2.10349996884664      -0.180311969710655     
   3.90649994214376        2.40399996439616      -0.166931340204397     
   3.90649994214376        2.70449995994568      -0.155890911895292     
   3.90649994214376        3.00499995549520      -0.146315264331425     
   3.90649994214376        3.30549995104472      -0.137486560892954     
   3.90649994214376        3.60599994659424      -0.129016460901137     
   3.90649994214376        3.90649994214376      -0.120858896016556     
   3.90649994214376        4.20699993769328      -0.113146346913158     
   3.90649994214376        4.50749993324280      -0.105963903067591     
   3.90649994214376        4.80799992879232      -9.923161690554683E-002
   3.90649994214376        5.10849992434184      -9.276296018926958E-002
   3.90649994214376        5.40899991989136      -8.641087679150321E-002
   3.90649994214376        5.70949991544088      -8.017148069394425E-002
   3.90649994214376        6.00999991099040      -7.416488479971267E-002
   3.90649994214376        6.31049990653992      -6.850000146169276E-002
   3.90649994214376        6.61099990208944      -6.356193599605037E-002
   3.90649994214376        6.91149989763896      -5.999230204429746E-002
   3.90649994214376        7.21199989318848      -5.719163634482020E-002
   4.20699993769328       0.000000000000000E+000 -0.269921094930548     
   4.20699993769328       0.300499995549520      -0.267673624902159     
   4.20699993769328       0.600999991099040      -0.256299073085239     
   4.20699993769328       0.901499986648560      -0.236091982136311     
   4.20699993769328        1.20199998219808      -0.213503024790451     
   4.20699993769328        1.50249997774760      -0.194116885368278     
   4.20699993769328        1.80299997329712      -0.178397966015600     
   4.20699993769328        2.10349996884664      -0.165640350536185     
   4.20699993769328        2.40399996439616      -0.155174813613865     
   4.20699993769328        2.70449995994568      -0.146288490379147     
   4.20699993769328        3.00499995549520      -0.138287995204450     
   4.20699993769328        3.30549995104472      -0.130659373352497     
   4.20699993769328        3.60599994659424      -0.123178461301226     
   4.20699993769328        3.90649994214376      -0.115875969248369     
   4.20699993769328        4.20699993769328      -0.108881637524356     
   4.20699993769328        4.50749993324280      -0.102258194669662     
   4.20699993769328        4.80799992879232      -9.593738793163627E-002
   4.20699993769328        5.10849992434184      -8.978631744801299E-002
   4.20699993769328        5.40899991989136      -8.372743006124461E-002
   4.20699993769328        5.70949991544088      -7.780761361602061E-002
   4.20699993769328        6.00999991099040      -7.216802132946563E-002
   4.20699993769328        6.31049990653992      -6.695150320829661E-002
   4.20699993769328        6.61099990208944      -6.242403813053733E-002
   4.20699993769328        6.91149989763896      -5.888693259604580E-002
   4.20699993769328        7.21199989318848      -5.595824516824847E-002
   4.50749993324280       0.000000000000000E+000 -0.214912513291856     
   4.50749993324280       0.300499995549520      -0.213786944441357     
   4.50749993324280       0.600999991099040      -0.208617627995853     
   4.50749993324280       0.901499986648560      -0.198221993285280     
   4.50749993324280        1.20199998219808      -0.184901658901345     
   4.50749993324280        1.50249997774760      -0.172108583707370     
   4.50749993324280        1.80299997329712      -0.161065596249811     
   4.50749993324280        2.10349996884664      -0.151834544438062     
   4.50749993324280        2.40399996439616      -0.144037092584013     
   4.50749993324280        2.70449995994568      -0.137123909657997     
   4.50749993324280        3.00499995549520      -0.130571488329552     
   4.50749993324280        3.30549995104472      -0.124041963312473     
   4.50749993324280        3.60599994659424      -0.117445157415942     
   4.50749993324280        3.90649994214376      -0.110873396776704     
   4.50749993324280        4.20699993769328      -0.104463257265304     
   4.50749993324280        4.50749993324280      -9.828181573017883E-002
   4.50749993324280        4.80799992879232      -9.229894917857347E-002
   4.50749993324280        5.10849992434184      -8.644669859062701E-002
   4.50749993324280        5.40899991989136      -8.070710912632000E-002
   4.50749993324280        5.70949991544088      -7.515269444082358E-002
   4.50749993324280        6.00999991099040      -6.991355335458675E-002
   4.50749993324280        6.31049990653992      -6.510837590296500E-002
   4.50749993324280        6.61099990208944      -6.084842078268157E-002
   4.50749993324280        6.91149989763896      -5.723911742242575E-002
   4.50749993324280        7.21199989318848      -5.404182858451596E-002
   4.80799992879232       0.000000000000000E+000 -0.176393557767570     
   4.80799992879232       0.300499995549520      -0.176165891862967     
   4.80799992879232       0.600999991099040      -0.174113330394270     
   4.80799992879232       0.901499986648560      -0.168501102587453     
   4.80799992879232        1.20199998219808      -0.160778247194439     
   4.80799992879232        1.50249997774760      -0.152822740505204     
   4.80799992879232        1.80299997329712      -0.145627235715185     
   4.80799992879232        2.10349996884664      -0.139401031018164     
   4.80799992879232        2.40399996439616      -0.133892319641557     
   4.80799992879232        2.70449995994568      -0.128671457561519     
   4.80799992879232        3.00499995549520      -0.123357237191217     
   4.80799992879232        3.30549995104472      -0.117755648694133     
   4.80799992879232        3.60599994659424      -0.111882632939735     
   4.80799992879232        3.90649994214376      -0.105883746200041     
   4.80799992879232        4.20699993769328      -9.991782851138442E-002
   4.80799992879232        4.50749993324280      -9.408044139075337E-002
   4.80799992879232        4.80799992879232      -8.839448652105868E-002
   4.80799992879232        5.10849992434184      -8.285405290594333E-002
   4.80799992879232        5.40899991989136      -7.748014154135997E-002
   4.80799992879232        5.70949991544088      -7.234027118893299E-002
   4.80799992879232        6.00999991099040      -6.752157578715297E-002
   4.80799992879232        6.31049990653992      -6.308838044692641E-002
   4.80799992879232        6.61099990208944      -5.906319581254441E-002
   4.80799992879232        6.91149989763896      -5.543015249717555E-002
   4.80799992879232        7.21199989318848      -5.209915899619916E-002
   5.10849992434184       0.000000000000000E+000 -0.150596518462672     
   5.10849992434184       0.300499995549520      -0.150197479507919     
   5.10849992434184       0.600999991099040      -0.148519212447256     
   5.10849992434184       0.901499986648560      -0.145592157260963     
   5.10849992434184        1.20199998219808      -0.141466444975126     
   5.10849992434184        1.50249997774760      -0.136948520120939     
   5.10849992434184        1.80299997329712      -0.132653849377631     
   5.10849992434184        2.10349996884664      -0.128729487550355     
   5.10849992434184        2.40399996439616      -0.124963979876150     
   5.10849992434184        2.70449995994568      -0.121018604662956     
   5.10849992434184        3.00499995549520      -0.116632154051781     
   5.10849992434184        3.30549995104472      -0.111725787052017     
   5.10849992434184        3.60599994659424      -0.106394997482153     
   5.10849992434184        3.90649994214376      -0.100826941410683     
   5.10849992434184        4.20699993769328      -9.520795697028185E-002
   5.10849992434184        4.50749993324280      -8.967113263732465E-002
   5.10849992434184        4.80799992879232      -8.429136430258766E-002
   5.10849992434184        5.10849992434184      -7.910981710822756E-002
   5.10849992434184        5.40899991989136      -7.416170883260109E-002
   5.10849992434184        5.70949991544088      -6.948419176942018E-002
   5.10849992434184        6.00999991099040      -6.510322446095053E-002
   5.10849992434184        6.31049990653992      -6.102004407094568E-002
   5.10849992434184        6.61099990208944      -5.721736393874703E-002
   5.10849992434184        6.91149989763896      -5.368774595916349E-002
   5.10849992434184        7.21199989318848      -5.039371285380796E-002
   5.40899991989136       0.000000000000000E+000 -0.132525685066439     
   5.40899991989136       0.300499995549520      -0.132017553887290     
   5.40899991989136       0.600999991099040      -0.130706155272952     
   5.40899991989136       0.901499986648560      -0.128826555068279     
   5.40899991989136        1.20199998219808      -0.126788647576420     
   5.40899991989136        1.50249997774760      -0.124623338196978     
   5.40899991989136        1.80299997329712      -0.122263040470837     
   5.40899991989136        2.10349996884664      -0.119821020758448     
   5.40899991989136        2.40399996439616      -0.117140402471169     
   5.40899991989136        2.70449995994568      -0.113974118557124     
   5.40899991989136        3.00499995549520      -0.110167763052633     
   5.40899991989136        3.30549995104472      -0.105731151454181     
   5.40899991989136        3.60599994659424      -0.100808162467519     
   5.40899991989136        3.90649994214376      -9.560109753885900E-002
   5.40899991989136        4.20699993769328      -9.030768865802213E-002
   5.40899991989136        4.50749993324280      -8.508975941542749E-002
   5.40899991989136        4.80799992879232      -8.006291073638547E-002
   5.40899991989136        5.10849992434184      -7.529724146781440E-002
   5.40899991989136        5.40899991989136      -7.082340226397080E-002
   5.40899991989136        5.70949991544088      -6.663736362395468E-002
   5.40899991989136        6.00999991099040      -6.270247208794608E-002
   5.40899991989136        6.31049990653992      -5.897283244548795E-002
   5.40899991989136        6.61099990208944      -5.543388144559741E-002
   5.40899991989136        6.91149989763896      -5.208342791735666E-002
   5.40899991989136        7.21199989318848      -4.893410621916285E-002
   5.70949991544088       0.000000000000000E+000 -0.121603421404593     
   5.70949991544088       0.300499995549520      -0.121049554566211     
   5.70949991544088       0.600999991099040      -0.119655999403714     
   5.70949991544088       0.901499986648560      -0.118010480101590     
   5.70949991544088        1.20199998219808      -0.116586109284458     
   5.70949991544088        1.50249997774760      -0.115391290582301     
   5.70949991544088        1.80299997329712      -0.113990213251426     
   5.70949991544088        2.10349996884664      -0.112217083867865     
   5.70949991544088        2.40399996439616      -0.109992063713752     
   5.70949991544088        2.70449995994568      -0.107158808432879     
   5.70949991544088        3.00499995549520      -0.103654940554424     
   5.70949991544088        3.30549995104472      -9.955484414657899E-002
   5.70949991544088        3.60599994659424      -9.501476978482036E-002
   5.70949991544088        3.90649994214376      -9.020271356752299E-002
   5.70949991544088        4.20699993769328      -8.528675124927904E-002
   5.70949991544088        4.50749993324280      -8.043986227867160E-002
   5.70949991544088        4.80799992879232      -7.580980594942556E-002
   5.70949991544088        5.10849992434184      -7.148589934744315E-002
   5.70949991544088        5.40899991989136      -6.748974047104685E-002
   5.70949991544088        5.70949991544088      -6.378549470450959E-002
   5.70949991544088        6.00999991099040      -6.029844178223304E-002
   5.70949991544088        6.31049990653992      -5.695758267684185E-002
   5.70949991544088        6.61099990208944      -5.372089134066492E-002
   5.70949991544088        6.91149989763896      -5.059063059356481E-002
   5.70949991544088        7.21199989318848      -4.761000527177071E-002
   6.00999991099040       0.000000000000000E+000 -0.115419184338702     
   6.00999991099040       0.300499995549520      -0.114661566217312     
   6.00999991099040       0.600999991099040      -0.112798656477979     
   6.00999991099040       0.901499986648560      -0.110754417346059     
   6.00999991099040        1.20199998219808      -0.109188428306990     
   6.00999991099040        1.50249997774760      -0.108096513876301     
   6.00999991099040        1.80299997329712      -0.106940345752077     
   6.00999991099040        2.10349996884664      -0.105219320258049     
   6.00999991099040        2.40399996439616      -0.103012382344093     
   6.00999991099040        2.70449995994568      -0.100234132392305     
   6.00999991099040        3.00499995549520      -9.688853956693183E-002
   6.00999991099040        3.30549995104472      -9.311368375134497E-002
   6.00999991099040        3.60599994659424      -8.907074000279755E-002
   6.00999991099040        3.90649994214376      -8.480135848399346E-002
   6.00999991099040        4.20699993769328      -8.034868117895957E-002
   6.00999991099040        4.50749993324280      -7.590150309075022E-002
   6.00999991099040        4.80799992879232      -7.165982513997329E-002
   6.00999991099040        5.10849992434184      -6.773648714406556E-002
   6.00999991099040        5.40899991989136      -6.415360550078061E-002
   6.00999991099040        5.70949991544088      -6.089989520885086E-002
   6.00999991099040        6.00999991099040      -5.787276090414824E-002
   6.00999991099040        6.31049990653992      -5.493825909323041E-002
   6.00999991099040        6.61099990208944      -5.200531438917321E-002
   6.00999991099040        6.91149989763896      -4.907918880531043E-002
   6.00999991099040        7.21199989318848      -4.625962931444615E-002
   6.31049990653992       0.000000000000000E+000 -0.110238197901986     
   6.31049990653992       0.300499995549520      -0.109293457026783     
   6.31049990653992       0.600999991099040      -0.107012568214082     
   6.31049990653992       0.901499986648560      -0.104523852136846     
   6.31049990653992        1.20199998219808      -0.102631234799035     
   6.31049990653992        1.50249997774760      -0.101334803644376     
   6.31049990653992        1.80299997329712      -0.100080338819067     
   6.31049990653992        2.10349996884664      -9.826358950764659E-002
   6.31049990653992        2.40399996439616      -9.592088074814246E-002
   6.31049990653992        2.70449995994568      -9.310362411251694E-002
   6.31049990653992        3.00499995549520      -8.981336107512893E-002
   6.31049990653992        3.30549995104472      -8.639276701134628E-002
   6.31049990653992        3.60599994659424      -8.309203787276245E-002
   6.31049990653992        3.90649994214376      -7.964400777366201E-002
   6.31049990653992        4.20699993769328      -7.577294047548423E-002
   6.31049990653992        4.50749993324280      -7.167443763900344E-002
   6.31049990653992        4.80799992879232      -6.773043432026642E-002
   6.31049990653992        5.10849992434184      -6.409262224149175E-002
   6.31049990653992        5.40899991989136      -6.083671260377523E-002
   6.31049990653992        5.70949991544088      -5.800610100895651E-002
   6.31049990653992        6.00999991099040      -5.543353703502914E-002
   6.31049990653992        6.31049990653992      -5.289222703120278E-002
   6.31049990653992        6.61099990208944      -5.019446851527046E-002
   6.31049990653992        6.91149989763896      -4.736730331407193E-002
   6.31049990653992        7.21199989318848      -4.468152359646909E-002
   6.61099990208944       0.000000000000000E+000 -0.102876809582859     
   6.61099990208944       0.300499995549520      -0.101710416779463     
   6.61099990208944       0.600999991099040      -9.962939687136714E-002
   6.61099990208944       0.901499986648560      -9.750912278688345E-002
   6.61099990208944        1.20199998219808      -9.573918136058224E-002
   6.61099990208944        1.50249997774760      -9.438555610036746E-002
   6.61099990208944        1.80299997329712      -9.302764811444413E-002
   6.61099990208944        2.10349996884664      -9.119860039279484E-002
   6.61099990208944        2.40399996439616      -8.882240689643904E-002
   6.61099990208944        2.70449995994568      -8.595270679422229E-002
   6.61099990208944        3.00499995549520      -8.268687478119620E-002
   6.61099990208944        3.30549995104472      -7.981232932558920E-002
   6.61099990208944        3.60599994659424      -7.767255875137269E-002
   6.61099990208944        3.90649994214376      -7.525307222043279E-002
   6.61099990208944        4.20699993769328      -7.187106379664715E-002
   6.61099990208944        4.50749993324280      -6.790614027407910E-002
   6.61099990208944        4.80799992879232      -6.406980355901878E-002
   6.61099990208944        5.10849992434184      -6.057194638653025E-002
   6.61099990208944        5.40899991989136      -5.759097579297605E-002
   6.61099990208944        5.70949991544088      -5.513971829392951E-002
   6.61099990208944        6.00999991099040      -5.301130280429930E-002
   6.61099990208944        6.31049990653992      -5.086071343775631E-002
   6.61099990208944        6.61099990208944      -4.830294524977095E-002
   6.61099990208944        6.91149989763896      -4.540529886481987E-002
   6.61099990208944        7.21199989318848      -4.287824620101675E-002
   6.91149989763896       0.000000000000000E+000 -9.818633381009000E-002
   6.91149989763896       0.300499995549520      -9.413164573848277E-002
   6.91149989763896       0.600999991099040      -9.120101936798738E-002
   6.91149989763896       0.901499986648560      -8.984563237077543E-002
   6.91149989763896        1.20199998219808      -8.856554744670819E-002
   6.91149989763896        1.50249997774760      -8.737239676212215E-002
   6.91149989763896        1.80299997329712      -8.604518725188234E-002
   6.91149989763896        2.10349996884664      -8.430430525006720E-002
   6.91149989763896        2.40399996439616      -8.211968335663711E-002
   6.91149989763896        2.70449995994568      -7.938696438402801E-002
   6.91149989763896        3.00499995549520      -7.649273038285907E-002
   6.91149989763896        3.30549995104472      -7.470177584278849E-002
   6.91149989763896        3.60599994659424      -7.405948524591478E-002
   6.91149989763896        3.90649994214376      -7.202783319627180E-002
   6.91149989763896        4.20699993769328      -6.870845546636953E-002
   6.91149989763896        4.50749993324280      -6.458348064579753E-002
   6.91149989763896        4.80799992879232      -6.062365222909116E-002
   6.91149989763896        5.10849992434184      -5.719993599049328E-002
   6.91149989763896        5.40899991989136      -5.442900805617207E-002
   6.91149989763896        5.70949991544088      -5.230864571029877E-002
   6.91149989763896        6.00999991099040      -5.060955846123524E-002
   6.91149989763896        6.31049990653992      -4.893259602533512E-002
   6.91149989763896        6.61099990208944      -4.672708098063005E-002
   6.91149989763896        6.91149989763896      -4.402234546503010E-002
   6.91149989763896        7.21199989318848      -4.191707767837213E-002
   7.21199989318848       0.000000000000000E+000 -9.453960548615067E-002
   7.21199989318848       0.300499995549520      -9.077279119226643E-002
   7.21199989318848       0.600999991099040      -8.577836658338829E-002
   7.21199989318848       0.901499986648560      -8.341560982565062E-002
   7.21199989318848        1.20199998219808      -8.198431301691975E-002
   7.21199989318848        1.50249997774760      -8.082844413033187E-002
   7.21199989318848        1.80299997329712      -7.958175013872666E-002
   7.21199989318848        2.10349996884664      -7.803469091765632E-002
   7.21199989318848        2.40399996439616      -7.621160809630430E-002
   7.21199989318848        2.70449995994568      -7.405152943208494E-002
   7.21199989318848        3.00499995549520      -7.213938003622579E-002
   7.21199989318848        3.30549995104472      -7.162987915759138E-002
   7.21199989318848        3.60599994659424      -7.102529963080489E-002
   7.21199989318848        3.90649994214376      -6.865790921084196E-002
   7.21199989318848        4.20699993769328      -6.558016488622469E-002
   7.21199989318848        4.50749993324280      -6.130626323996636E-002
   7.21199989318848        4.80799992879232      -5.726215769043853E-002
   7.21199989318848        5.10849992434184      -5.391769282380066E-002
   7.21199989318848        5.40899991989136      -5.134630905830571E-002
   7.21199989318848        5.70949991544088      -4.947952617672793E-002
   7.21199989318848        6.00999991099040      -4.811248506747810E-002
   7.21199989318848        6.31049990653992      -4.690183277990199E-002
   7.21199989318848        6.61099990208944      -4.542450589760721E-002
   7.21199989318848        6.91149989763896      -4.359101331465408E-002
   7.21199989318848        7.21199989318848      -4.132757309868067E-002
