  0.000000000000000E+000  0.000000000000000E+000 -0.184218102113355     
  0.000000000000000E+000  0.300499995549520      -0.176363691114561     
  0.000000000000000E+000  0.600999991099040      -0.165240005286214     
  0.000000000000000E+000  0.901499986648560      -0.159203205405442     
  0.000000000000000E+000   1.20199998219808      -0.154054352231089     
  0.000000000000000E+000   1.50249997774760      -0.148668975862760     
  0.000000000000000E+000   1.80299997329712      -0.142745140515383     
  0.000000000000000E+000   2.10349996884664      -0.136162789813357     
  0.000000000000000E+000   2.40399996439616      -0.129042691099536     
  0.000000000000000E+000   2.70449995994568      -0.121746701613419     
  0.000000000000000E+000   3.00499995549520      -0.115431911168709     
  0.000000000000000E+000   3.30549995104472      -0.111955051390821     
  0.000000000000000E+000   3.60599994659424      -0.109051244438205     
  0.000000000000000E+000   3.90649994214376      -0.102834202908263     
  0.000000000000000E+000   4.20699993769328      -9.623424154990777E-002
  0.000000000000000E+000   4.50749993324280      -8.844824936656735E-002
  0.000000000000000E+000   4.80799992879232      -8.132179894468576E-002
  0.000000000000000E+000   5.10849992434184      -7.547410894236964E-002
  0.000000000000000E+000   5.40899991989136      -7.097164528939182E-002
  0.000000000000000E+000   5.70949991544088      -6.764660179689060E-002
  0.000000000000000E+000   6.00999991099040      -6.517356474848593E-002
  0.000000000000000E+000   6.31049990653992      -6.308345406545737E-002
  0.000000000000000E+000   6.61099990208944      -6.087238686306045E-002
  0.000000000000000E+000   6.91149989763896      -5.857662404614330E-002
  0.000000000000000E+000   7.21199989318848      -5.598386701458264E-002
  0.300499995549520       0.000000000000000E+000 -0.201496377279568     
  0.300499995549520       0.300499995549520      -0.192239269231033     
  0.300499995549520       0.600999991099040      -0.182577067849441     
  0.300499995549520       0.901499986648560      -0.176637854077927     
  0.300499995549520        1.20199998219808      -0.170521374242202     
  0.300499995549520        1.50249997774760      -0.163954549982258     
  0.300499995549520        1.80299997329712      -0.156838565864117     
  0.300499995549520        2.10349996884664      -0.148954198737139     
  0.300499995549520        2.40399996439616      -0.140395504772863     
  0.300499995549520        2.70449995994568      -0.131519529274949     
  0.300499995549520        3.00499995549520      -0.123200505585472     
  0.300499995549520        3.30549995104472      -0.117296429553263     
  0.300499995549520        3.60599994659424      -0.113478133534499     
  0.300499995549520        3.90649994214376      -0.107584478400689     
  0.300499995549520        4.20699993769328      -0.100352280236805     
  0.300499995549520        4.50749993324280      -9.256787843019486E-002
  0.300499995549520        4.80799992879232      -8.543724985729456E-002
  0.300499995549520        5.10849992434184      -7.938766391118088E-002
  0.300499995549520        5.40899991989136      -7.449944893729291E-002
  0.300499995549520        5.70949991544088      -7.071147883694830E-002
  0.300499995549520        6.00999991099040      -6.768904018305297E-002
  0.300499995549520        6.31049990653992      -6.493457794529589E-002
  0.300499995549520        6.61099990208944      -6.188746280536276E-002
  0.300499995549520        6.91149989763896      -5.889262014427072E-002
  0.300499995549520        7.21199989318848      -5.642126333706633E-002
  0.600999991099040       0.000000000000000E+000 -0.220529810356866     
  0.600999991099040       0.300499995549520      -0.215692514286758     
  0.600999991099040       0.600999991099040      -0.206733003802544     
  0.600999991099040       0.901499986648560      -0.197771530534762     
  0.600999991099040        1.20199998219808      -0.189110557456974     
  0.600999991099040        1.50249997774760      -0.180664072977171     
  0.600999991099040        1.80299997329712      -0.172027026017096     
  0.600999991099040        2.10349996884664      -0.162769570441073     
  0.600999991099040        2.40399996439616      -0.153008286446620     
  0.600999991099040        2.70449995994568      -0.143115904084661     
  0.600999991099040        3.00499995549520      -0.133542674420102     
  0.600999991099040        3.30549995104472      -0.125323975401167     
  0.600999991099040        3.60599994659424      -0.118637007910518     
  0.600999991099040        3.90649994214376      -0.111867505958754     
  0.600999991099040        4.20699993769328      -0.104308060696354     
  0.600999991099040        4.50749993324280      -9.658836662481493E-002
  0.600999991099040        4.80799992879232      -8.955161403086680E-002
  0.600999991099040        5.10849992434184      -8.329956235738165E-002
  0.600999991099040        5.40899991989136      -7.803738626844216E-002
  0.600999991099040        5.70949991544088      -7.371334617919025E-002
  0.600999991099040        6.00999991099040      -7.005778606365450E-002
  0.600999991099040        6.31049990653992      -6.668556228077656E-002
  0.600999991099040        6.61099990208944      -6.324587038687092E-002
  0.600999991099040        6.91149989763896      -5.982559420858426E-002
  0.600999991099040        7.21199989318848      -5.643907709073649E-002
  0.901499986648560       0.000000000000000E+000 -0.244693536320518     
  0.901499986648560       0.300499995549520      -0.240828378524339     
  0.901499986648560       0.600999991099040      -0.231491003185575     
  0.901499986648560       0.901499986648560      -0.220253063599347     
  0.901499986648560        1.20199998219808      -0.209042937326667     
  0.901499986648560        1.50249997774760      -0.198305854604734     
  0.901499986648560        1.80299997329712      -0.187743372715790     
  0.901499986648560        2.10349996884664      -0.176915666177977     
  0.901499986648560        2.40399996439616      -0.166068384884377     
  0.901499986648560        2.70449995994568      -0.155318517177503     
  0.901499986648560        3.00499995549520      -0.144782751433592     
  0.901499986648560        3.30549995104472      -0.134901183719229     
  0.901499986648560        3.60599994659424      -0.125852810703731     
  0.901499986648560        3.90649994214376      -0.117257750370341     
  0.901499986648560        4.20699993769328      -0.108858790994487     
  0.901499986648560        4.50749993324280      -0.100923520582605     
  0.901499986648560        4.80799992879232      -9.369877846669672E-002
  0.901499986648560        5.10849992434184      -8.719016274080812E-002
  0.901499986648560        5.40899991989136      -8.150604513465347E-002
  0.901499986648560        5.70949991544088      -7.661697722524527E-002
  0.901499986648560        6.00999991099040      -7.232045712381580E-002
  0.901499986648560        6.31049990653992      -6.837697981805234E-002
  0.901499986648560        6.61099990208944      -6.457084839719171E-002
  0.901499986648560        6.91149989763896      -6.078049728054337E-002
  0.901499986648560        7.21199989318848      -5.696432060582633E-002
   1.20199998219808       0.000000000000000E+000 -0.274280908777181     
   1.20199998219808       0.300499995549520      -0.270384173623879     
   1.20199998219808       0.600999991099040      -0.260157252986733     
   1.20199998219808       0.901499986648560      -0.246548814554435     
   1.20199998219808        1.20199998219808      -0.232001998936600     
   1.20199998219808        1.50249997774760      -0.217781193328978     
   1.20199998219808        1.80299997329712      -0.204207184707482     
   1.20199998219808        2.10349996884664      -0.191184263437885     
   1.20199998219808        2.40399996439616      -0.178855095625769     
   1.20199998219808        2.70449995994568      -0.167000732130295     
   1.20199998219808        3.00499995549520      -0.155402130219028     
   1.20199998219808        3.30549995104472      -0.144128350921356     
   1.20199998219808        3.60599994659424      -0.133346816354855     
   1.20199998219808        3.90649994214376      -0.123191325401059     
   1.20199998219808        4.20699993769328      -0.113833937928225     
   1.20199998219808        4.50749993324280      -0.105404810843372     
   1.20199998219808        4.80799992879232      -9.782065295589812E-002
   1.20199998219808        5.10849992434184      -9.096522368571591E-002
   1.20199998219808        5.40899991989136      -8.482233347168404E-002
   1.20199998219808        5.70949991544088      -7.934653969011138E-002
   1.20199998219808        6.00999991099040      -7.440522334941724E-002
   1.20199998219808        6.31049990653992      -6.987013623071088E-002
   1.20199998219808        6.61099990208944      -6.560117719908158E-002
   1.20199998219808        6.91149989763896      -6.147249919327640E-002
   1.20199998219808        7.21199989318848      -5.745116834856633E-002
   1.50249997774760       0.000000000000000E+000 -0.320128562001830     
   1.50249997774760       0.300499995549520      -0.315194102069901     
   1.50249997774760       0.600999991099040      -0.301783113599128     
   1.50249997774760       0.901499986648560      -0.282993418503114     
   1.50249997774760        1.20199998219808      -0.262143884409174     
   1.50249997774760        1.50249997774760      -0.241675886928872     
   1.50249997774760        1.80299997329712      -0.222750386250476     
   1.50249997774760        2.10349996884664      -0.205819450045307     
   1.50249997774760        2.40399996439616      -0.191021430237359     
   1.50249997774760        2.70449995994568      -0.177648940731470     
   1.50249997774760        3.00499995549520      -0.164904574029841     
   1.50249997774760        3.30549995104472      -0.152424101241819     
   1.50249997774760        3.60599994659424      -0.140333475782705     
   1.50249997774760        3.90649994214376      -0.129014544660385     
   1.50249997774760        4.20699993769328      -0.118812192335252     
   1.50249997774760        4.50749993324280      -0.109810673680367     
   1.50249997774760        4.80799992879232      -0.101820180471918     
   1.50249997774760        5.10849992434184      -9.457006068105167E-002
   1.50249997774760        5.40899991989136      -8.790973920312584E-002
   1.50249997774760        5.70949991544088      -8.183064132505327E-002
   1.50249997774760        6.00999991099040      -7.625744969948108E-002
   1.50249997774760        6.31049990653992      -7.114334988911585E-002
   1.50249997774760        6.61099990208944      -6.641924191539515E-002
   1.50249997774760        6.91149989763896      -6.198964099180464E-002
   1.50249997774760        7.21199989318848      -5.780902090132581E-002
   1.80299997329712       0.000000000000000E+000 -0.395171646783022     
   1.80299997329712       0.300499995549520      -0.387446681224038     
   1.80299997329712       0.600999991099040      -0.366594851655243     
   1.80299997329712       0.901499986648560      -0.337191014396684     
   1.80299997329712        1.20199998219808      -0.304725416978981     
   1.80299997329712        1.50249997774760      -0.273176179814044     
   1.80299997329712        1.80299997329712      -0.244871773454005     
   1.80299997329712        2.10349996884664      -0.221457564617949     
   1.80299997329712        2.40399996439616      -0.202672378783831     
   1.80299997329712        2.70449995994568      -0.187075780420812     
   1.80299997329712        3.00499995549520      -0.173075209947196     
   1.80299997329712        3.30549995104472      -0.159672975935554     
   1.80299997329712        3.60599994659424      -0.146688185862126     
   1.80299997329712        3.90649994214376      -0.134494459338367     
   1.80299997329712        4.20699993769328      -0.123541436607915     
   1.80299997329712        4.50749993324280      -0.113975358628376     
   1.80299997329712        4.80799992879232      -0.105566145994216     
   1.80299997329712        5.10849992434184      -9.792015879749717E-002
   1.80299997329712        5.40899991989136      -9.076018798214294E-002
   1.80299997329712        5.70949991544088      -8.404381169306062E-002
   1.80299997329712        6.00999991099040      -7.785211521828585E-002
   1.80299997329712        6.31049990653992      -7.219434655566367E-002
   1.80299997329712        6.61099990208944      -6.705313120617390E-002
   1.80299997329712        6.91149989763896      -6.235466030240230E-002
   1.80299997329712        7.21199989318848      -5.802943028762986E-002
   2.10349996884664       0.000000000000000E+000 -0.514260011479048     
   2.10349996884664       0.300499995549520      -0.500969166801017     
   2.10349996884664       0.600999991099040      -0.465007325740962     
   2.10349996884664       0.901499986648560      -0.416068760723136     
   2.10349996884664        1.20199998219808      -0.363092584254760     
   2.10349996884664        1.50249997774760      -0.313481195763944     
   2.10349996884664        1.80299997329712      -0.271608462808879     
   2.10349996884664        2.10349996884664      -0.238850428007704     
   2.10349996884664        2.40399996439616      -0.214232595773178     
   2.10349996884664        2.70449995994568      -0.195412569423153     
   2.10349996884664        3.00499995549520      -0.179823112367913     
   2.10349996884664        3.30549995104472      -0.165616866424440     
   2.10349996884664        3.60599994659424      -0.152056393113783     
   2.10349996884664        3.90649994214376      -0.139289559527821     
   2.10349996884664        4.20699993769328      -0.127771220615175     
   2.10349996884664        4.50749993324280      -0.117721308045512     
   2.10349996884664        4.80799992879232      -0.108924825767911     
   2.10349996884664        5.10849992434184      -0.100914732104691     
   2.10349996884664        5.40899991989136      -9.331253353094242E-002
   2.10349996884664        5.70949991544088      -8.603033412769728E-002
   2.10349996884664        6.00999991099040      -7.920960011769011E-002
   2.10349996884664        6.31049990653992      -7.300976620754307E-002
   2.10349996884664        6.61099990208944      -6.746254219587849E-002
   2.10349996884664        6.91149989763896      -6.251133272539787E-002
   2.10349996884664        7.21199989318848      -5.806564467590945E-002
   2.40399996439616       0.000000000000000E+000 -0.698804160618668     
   2.40399996439616       0.300499995549520      -0.673489629432204     
   2.40399996439616       0.600999991099040      -0.606893331428659     
   2.40399996439616       0.901499986648560      -0.521616347571618     
   2.40399996439616        1.20199998219808      -0.436729020121905     
   2.40399996439616        1.50249997774760      -0.362571660655571     
   2.40399996439616        1.80299997329712      -0.303029145574608     
   2.40399996439616        2.10349996884664      -0.258236847345531     
   2.40399996439616        2.40399996439616      -0.226031770311278     
   2.40399996439616        2.70449995994568      -0.202945770990432     
   2.40399996439616        3.00499995549520      -0.185299725366648     
   2.40399996439616        3.30549995104472      -0.170243814047542     
   2.40399996439616        3.60599994659424      -0.156298640857675     
   2.40399996439616        3.90649994214376      -0.143210537523381     
   2.40399996439616        4.20699993769328      -0.131327752526280     
   2.40399996439616        4.50749993324280      -0.120912951750145     
   2.40399996439616        4.80799992879232      -0.111791868430344     
   2.40399996439616        5.10849992434184      -0.103467311687051     
   2.40399996439616        5.40899991989136      -9.548833239834172E-002
   2.40399996439616        5.70949991544088      -8.772071257963758E-002
   2.40399996439616        6.00999991099040      -8.032940994459836E-002
   2.40399996439616        6.31049990653992      -7.355785078686798E-002
   2.40399996439616        6.61099990208944      -6.753872584338723E-002
   2.40399996439616        6.91149989763896      -6.229040367108231E-002
   2.40399996439616        7.21199989318848      -5.779504595743111E-002
   2.70449995994568       0.000000000000000E+000 -0.949967311918762     
   2.70449995994568       0.300499995549520      -0.908615510365011     
   2.70449995994568       0.600999991099040      -0.798928871783213     
   2.70449995994568       0.901499986648560      -0.656735031004898     
   2.70449995994568        1.20199998219808      -0.523951774073083     
   2.70449995994568        1.50249997774760      -0.417777204079340     
   2.70449995994568        1.80299997329712      -0.337156150152741     
   2.70449995994568        2.10349996884664      -0.278600138657031     
   2.70449995994568        2.40399996439616      -0.237775775393203     
   2.70449995994568        2.70449995994568      -0.209772439495028     
   2.70449995994568        3.00499995549520      -0.189717409216432     
   2.70449995994568        3.30549995104472      -0.173708481873592     
   2.70449995994568        3.60599994659424      -0.159450335037661     
   2.70449995994568        3.90649994214376      -0.146200139367681     
   2.70449995994568        4.20699993769328      -0.134119201962019     
   2.70449995994568        4.50749993324280      -0.123464423946572     
   2.70449995994568        4.80799992879232      -0.114097283994438     
   2.70449995994568        5.10849992434184      -0.105516950274611     
   2.70449995994568        5.40899991989136      -9.722664260454403E-002
   2.70449995994568        5.70949991544088      -8.904468401549270E-002
   2.70449995994568        6.00999991099040      -8.112122209624044E-002
   2.70449995994568        6.31049990653992      -7.371647957353707E-002
   2.70449995994568        6.61099990208944      -6.708577748871833E-002
   2.70449995994568        6.91149989763896      -6.159206271610231E-002
   2.70449995994568        7.21199989318848      -5.723999023412904E-002
   3.00499995549520       0.000000000000000E+000  -1.22724787636388     
   3.00499995549520       0.300499995549520       -1.17020414822041     
   3.00499995549520       0.600999991099040       -1.01277754661257     
   3.00499995549520       0.901499986648560      -0.808311554397250     
   3.00499995549520        1.20199998219808      -0.615720754809697     
   3.00499995549520        1.50249997774760      -0.471848496889651     
   3.00499995549520        1.80299997329712      -0.369323614049073     
   3.00499995549520        2.10349996884664      -0.297338172496365     
   3.00499995549520        2.40399996439616      -0.248272430764133     
   3.00499995549520        2.70449995994568      -0.215538568608642     
   3.00499995549520        3.00499995549520      -0.193116497583566     
   3.00499995549520        3.30549995104472      -0.176150274560373     
   3.00499995549520        3.60599994659424      -0.161604168051509     
   3.00499995549520        3.90649994214376      -0.148274204680774     
   3.00499995549520        4.20699993769328      -0.136110072743385     
   3.00499995549520        4.50749993324280      -0.125322249973237     
   3.00499995549520        4.80799992879232      -0.115789627112974     
   3.00499995549520        5.10849992434184      -0.107019033178094     
   3.00499995549520        5.40899991989136      -9.848776029646465E-002
   3.00499995549520        5.70949991544088      -8.996658260516303E-002
   3.00499995549520        6.00999991099040      -8.154675726172853E-002
   3.00499995549520        6.31049990653992      -7.343747526370002E-002
   3.00499995549520        6.61099990208944      -6.616802700653576E-002
   3.00499995549520        6.91149989763896      -6.052703220006945E-002
   3.00499995549520        7.21199989318848      -5.653929547795901E-002
   3.30549995104472       0.000000000000000E+000  -1.44078809020407     
   3.30549995104472       0.300499995549520       -1.37775104242271     
   3.30549995104472       0.600999991099040       -1.18919906384605     
   3.30549995104472       0.901499986648560      -0.931441353367612     
   3.30549995104472        1.20199998219808      -0.690884849574864     
   3.30549995104472        1.50249997774760      -0.512910371579468     
   3.30549995104472        1.80299997329712      -0.392869775019491     
   3.30549995104472        2.10349996884664      -0.310809168463536     
   3.30549995104472        2.40399996439616      -0.255706035063886     
   3.30549995104472        2.70449995994568      -0.219505159889226     
   3.30549995104472        3.00499995549520      -0.195317556230649     
   3.30549995104472        3.30549995104472      -0.177611052497789     
   3.30549995104472        3.60599994659424      -0.162838875380554     
   3.30549995104472        3.90649994214376      -0.149476114529664     
   3.30549995104472        4.20699993769328      -0.137295630799617     
   3.30549995104472        4.50749993324280      -0.126449807662538     
   3.30549995104472        4.80799992879232      -0.116824680113800     
   3.30549995104472        5.10849992434184      -0.107936938491817     
   3.30549995104472        5.40899991989136      -9.924975578406245E-002
   3.30549995104472        5.70949991544088      -9.049289480199149E-002
   3.30549995104472        6.00999991099040      -8.166978436077542E-002
   3.30549995104472        6.31049990653992      -7.294841006050222E-002
   3.30549995104472        6.61099990208944      -6.506684050114360E-002
   3.30549995104472        6.91149989763896      -5.940045132121707E-002
   3.30549995104472        7.21199989318848      -5.577610206929713E-002
   3.60599994659424       0.000000000000000E+000  -1.59813730277619     
   3.60599994659424       0.300499995549520       -1.45813111539188     
   3.60599994659424       0.600999991099040       -1.25772379345710     
   3.60599994659424       0.901499986648560      -0.979424723458285     
   3.60599994659424        1.20199998219808      -0.720175648170810     
   3.60599994659424        1.50249997774760      -0.528458727379910     
   3.60599994659424        1.80299997329712      -0.401579566017211     
   3.60599994659424        2.10349996884664      -0.315741519950097     
   3.60599994659424        2.40399996439616      -0.258410491420966     
   3.60599994659424        2.70449995994568      -0.220931770788936     
   3.60599994659424        3.00499995549520      -0.196086795665866     
   3.60599994659424        3.30549995104472      -0.178096849904200     
   3.60599994659424        3.60599994659424      -0.163235131238520     
   3.60599994659424        3.90649994214376      -0.149866337942456     
   3.60599994659424        4.20699993769328      -0.137689322899247     
   3.60599994659424        4.50749993324280      -0.126828823801831     
   3.60599994659424        4.80799992879232      -0.117174220531484     
   3.60599994659424        5.10849992434184      -0.108247056325265     
   3.60599994659424        5.40899991989136      -9.950548783182735E-002
   3.60599994659424        5.70949991544088      -9.066185935792620E-002
   3.60599994659424        6.00999991099040      -8.167587662819564E-002
   3.60599994659424        6.31049990653992      -7.270066274238336E-002
   3.60599994659424        6.61099990208944      -6.454420611704423E-002
   3.60599994659424        6.91149989763896      -5.895793562154365E-002
   3.60599994659424        7.21199989318848      -5.508694683856662E-002
   3.90649994214376       0.000000000000000E+000  -1.44079178455317     
   3.90649994214376       0.300499995549520       -1.37772299359448     
   3.90649994214376       0.600999991099040       -1.18917494782150     
   3.90649994214376       0.901499986648560      -0.931429124390024     
   3.90649994214376        1.20199998219808      -0.690880875714354     
   3.90649994214376        1.50249997774760      -0.512909990442281     
   3.90649994214376        1.80299997329712      -0.392870897399395     
   3.90649994214376        2.10349996884664      -0.310811335621446     
   3.90649994214376        2.40399996439616      -0.255709280773730     
   3.90649994214376        2.70449995994568      -0.219509634198976     
   3.90649994214376        3.00499995549520      -0.195323243824034     
   3.90649994214376        3.30549995104472      -0.177617725353433     
   3.90649994214376        3.60599994659424      -0.162846166569686     
   3.90649994214376        3.90649994214376      -0.149483537318062     
   3.90649994214376        4.20699993769328      -0.137302768221855     
   3.90649994214376        4.50749993324280      -0.126456412157792     
   3.90649994214376        4.80799992879232      -0.116830624581782     
   3.90649994214376        5.10849992434184      -0.107942296989298     
   3.90649994214376        5.40899991989136      -9.925467523830604E-002
   3.90649994214376        5.70949991544088      -9.049754738680200E-002
   3.90649994214376        6.00999991099040      -8.167421931871732E-002
   3.90649994214376        6.31049990653992      -7.295261903347444E-002
   3.90649994214376        6.61099990208944      -6.507101478724681E-002
   3.90649994214376        6.91149989763896      -5.940424456204053E-002
   3.90649994214376        7.21199989318848      -5.577647734174516E-002
   4.20699993769328       0.000000000000000E+000  -1.22725421022379     
   4.20699993769328       0.300499995549520       -1.17018206639407     
   4.20699993769328       0.600999991099040       -1.01275403268201     
   4.20699993769328       0.901499986648560      -0.808298557431982     
   4.20699993769328        1.20199998219808      -0.615716894459348     
   4.20699993769328        1.50249997774760      -0.471848870628279     
   4.20699993769328        1.80299997329712      -0.369326127528840     
   4.20699993769328        2.10349996884664      -0.297342528401167     
   4.20699993769328        2.40399996439616      -0.248278845188156     
   4.20699993769328        2.70449995994568      -0.215547333190897     
   4.20699993769328        3.00499995549520      -0.193127583869368     
   4.20699993769328        3.30549995104472      -0.176163289465433     
   4.20699993769328        3.60599994659424      -0.161618322949805     
   4.20699993769328        3.90649994214376      -0.148288562580470     
   4.20699993769328        4.20699993769328      -0.136123864948211     
   4.20699993769328        4.50749993324280      -0.125335007449882     
   4.20699993769328        4.80799992879232      -0.115801215602205     
   4.20699993769328        5.10849992434184      -0.107029619463315     
   4.20699993769328        5.40899991989136      -9.849767204831561E-002
   4.20699993769328        5.70949991544088      -8.997617407317217E-002
   4.20699993769328        6.00999991099040      -8.155624927738299E-002
   4.20699993769328        6.31049990653992      -7.344678133245845E-002
   4.20699993769328        6.61099990208944      -6.617695724322965E-002
   4.20699993769328        6.91149989763896      -6.053436327651352E-002
   4.20699993769328        7.21199989318848      -5.654260973110860E-002
   4.50749993324280       0.000000000000000E+000 -0.949973741506702     
   4.50749993324280       0.300499995549520      -0.908607408856847     
   4.50749993324280       0.600999991099040      -0.798917680721669     
   4.50749993324280       0.901499986648560      -0.656729100859020     
   4.50749993324280        1.20199998219808      -0.523950699654638     
   4.50749993324280        1.50249997774760      -0.417779006888107     
   4.50749993324280        1.80299997329712      -0.337160016699016     
   4.50749993324280        2.10349996884664      -0.278606289779674     
   4.50749993324280        2.40399996439616      -0.237784807547985     
   4.50749993324280        2.70449995994568      -0.209784832547304     
   4.50749993324280        3.00499995549520      -0.189733159858213     
   4.50749993324280        3.30549995104472      -0.173726929455374     
   4.50749993324280        3.60599994659424      -0.159470320844748     
   4.50749993324280        3.90649994214376      -0.146220292653523     
   4.50749993324280        4.20699993769328      -0.134138547738306     
   4.50749993324280        4.50749993324280      -0.123482436107702     
   4.50749993324280        4.80799992879232      -0.114113894116626     
   4.50749993324280        5.10849992434184      -0.105532517911034     
   4.50749993324280        5.40899991989136      -9.724166260944685E-002
   4.50749993324280        5.70949991544088      -8.905967734285032E-002
   4.50749993324280        6.00999991099040      -8.113657887422143E-002
   4.50749993324280        6.31049990653992      -7.373226217607862E-002
   4.50749993324280        6.61099990208944      -6.710160594271253E-002
   4.50749993324280        6.91149989763896      -6.160685130241540E-002
   4.50749993324280        7.21199989318848      -5.725233544697320E-002
   4.80799992879232       0.000000000000000E+000 -0.698808948699015     
   4.80799992879232       0.300499995549520      -0.673489786657727     
   4.80799992879232       0.600999991099040      -0.606892013550396     
   4.80799992879232       0.901499986648560      -0.521616121130826     
   4.80799992879232        1.20199998219808      -0.436730250406159     
   4.80799992879232        1.50249997774760      -0.362574175160593     
   4.80799992879232        1.80299997329712      -0.303033308265290     
   4.80799992879232        2.10349996884664      -0.258243600489801     
   4.80799992879232        2.40399996439616      -0.226042161228330     
   4.80799992879232        2.70449995994568      -0.202960537498480     
   4.80799992879232        3.00499995549520      -0.185318736247410     
   4.80799992879232        3.30549995104472      -0.170266046104740     
   4.80799992879232        3.60599994659424      -0.156322557542824     
   4.80799992879232        3.90649994214376      -0.143234668281887     
   4.80799992879232        4.20699993769328      -0.131350971311682     
   4.80799992879232        4.50749993324280      -0.120934848222593     
   4.80799992879232        4.80799992879232      -0.111812628843106     
   4.80799992879232        5.10849992434184      -0.103487474031211     
   4.80799992879232        5.40899991989136      -9.550855917335126E-002
   4.80799992879232        5.70949991544088      -8.774162163090533E-002
   4.80799992879232        6.00999991099040      -8.035145388239676E-002
   4.80799992879232        6.31049990653992      -7.358121169172409E-002
   4.80799992879232        6.61099990208944      -6.756312066505496E-002
   4.80799992879232        6.91149989763896      -6.231500945694120E-002
   4.80799992879232        7.21199989318848      -5.781862949340877E-002
   5.10849992434184       0.000000000000000E+000 -0.514262602540325     
   5.10849992434184       0.300499995549520      -0.500972036834969     
   5.10849992434184       0.600999991099040      -0.465010021785959     
   5.10849992434184       0.901499986648560      -0.416070719244569     
   5.10849992434184        1.20199998219808      -0.363093702553170     
   5.10849992434184        1.50249997774760      -0.313482241978073     
   5.10849992434184        1.80299997329712      -0.271610844872721     
   5.10849992434184        2.10349996884664      -0.238855882348529     
   5.10849992434184        2.40399996439616      -0.214242675610138     
   5.10849992434184        2.70449995994568      -0.195427927730936     
   5.10849992434184        3.00499995549520      -0.179843316111056     
   5.10849992434184        3.30549995104472      -0.165640546515147     
   5.10849992434184        3.60599994659424      -0.152081760595982     
   5.10849992434184        3.90649994214376      -0.139315101806556     
   5.10849992434184        4.20699993769328      -0.127796087159520     
   5.10849992434184        4.50749993324280      -0.117745449453336     
   5.10849992434184        4.80799992879232      -0.108948684846117     
   5.10849992434184        5.10849992434184      -0.100939029378872     
   5.10849992434184        5.40899991989136      -9.333799074336532E-002
   5.10849992434184        5.70949991544088      -8.605758626659772E-002
   5.10849992434184        6.00999991099040      -7.923912123684891E-002
   5.10849992434184        6.31049990653992      -7.304182167753658E-002
   5.10849992434184        6.61099990208944      -6.749692826075741E-002
   5.10849992434184        6.91149989763896      -6.254689789219027E-002
   5.10849992434184        7.21199989318848      -5.810098569379705E-002
   5.40899991989136       0.000000000000000E+000 -0.395172352423547     
   5.40899991989136       0.300499995549520      -0.387448622956348     
   5.40899991989136       0.600999991099040      -0.366596670487229     
   5.40899991989136       0.901499986648560      -0.337191053882355     
   5.40899991989136        1.20199998219808      -0.304722862153638     
   5.40899991989136        1.50249997774760      -0.273172636677254     
   5.40899991989136        1.80299997329712      -0.244869927308645     
   5.40899991989136        2.10349996884664      -0.221459924894271     
   5.40899991989136        2.40399996439616      -0.202680588363337     
   5.40899991989136        2.70449995994568      -0.187090233038159     
   5.40899991989136        3.00499995549520      -0.173094851967158     
   5.40899991989136        3.30549995104472      -0.159695820906931     
   5.40899991989136        3.60599994659424      -0.146712235209193     
   5.40899991989136        3.90649994214376      -0.134518603089857     
   5.40899991989136        4.20699993769328      -0.123565609264026     
   5.40899991989136        4.50749993324280      -0.114000077863921     
   5.40899991989136        4.80799992879232      -0.105592151115768     
   5.40899991989136        5.10849992434184      -9.794819357194752E-002
   5.40899991989136        5.40899991989136      -9.079086418558806E-002
   5.40899991989136        5.70949991544088      -8.407765947370958E-002
   5.40899991989136        6.00999991099040      -7.788963742998524E-002
   5.40899991989136        6.31049990653992      -7.223543595550859E-002
   5.40899991989136        6.61099990208944      -6.709715339735142E-002
   5.40899991989136        6.91149989763896      -6.240059757136750E-002
   5.40899991989136        7.21199989318848      -5.807553762055710E-002
   5.70949991544088       0.000000000000000E+000 -0.320127943063117     
   5.70949991544088       0.300499995549520      -0.315192931344706     
   5.70949991544088       0.600999991099040      -0.301780550002783     
   5.70949991544088       0.901499986648560      -0.282987485693241     
   5.70949991544088        1.20199998219808      -0.262133928081081     
   5.70949991544088        1.50249997774760      -0.241664181785847     
   5.70949991544088        1.80299997329712      -0.222742011995781     
   5.70949991544088        2.10349996884664      -0.205817588562062     
   5.70949991544088        2.40399996439616      -0.191027545847780     
   5.70949991544088        2.70449995994568      -0.177662538850507     
   5.70949991544088        3.00499995549520      -0.164923296940951     
   5.70949991544088        3.30549995104472      -0.152444546906038     
   5.70949991544088        3.60599994659424      -0.140353366521461     
   5.70949991544088        3.90649994214376      -0.129034115949539     
   5.70949991544088        4.20699993769328      -0.118833155273762     
   5.70949991544088        4.50749993324280      -0.109834532319533     
   5.70949991544088        4.80799992879232      -0.101847735416502     
   5.70949991544088        5.10849992434184      -9.460164294740606E-002
   5.70949991544088        5.40899991989136      -8.794555864542689E-002
   5.70949991544088        5.70949991544088      -8.187099673734677E-002
   5.70949991544088        6.00999991099040      -7.630211070467866E-002
   5.70949991544088        6.31049990653992      -7.119207763228166E-002
   5.70949991544088        6.61099990208944      -6.647185754513610E-002
   5.70949991544088        6.91149989763896      -6.204548663261917E-002
   5.70949991544088        7.21199989318848      -5.786604431307684E-002
   6.00999991099040       0.000000000000000E+000 -0.274279300879208     
   6.00999991099040       0.300499995549520      -0.270378444858281     
   6.00999991099040       0.600999991099040      -0.260148711089415     
   6.00999991099040       0.901499986648560      -0.246536052827037     
   6.00999991099040        1.20199998219808      -0.231983853900987     
   6.00999991099040        1.50249997774760      -0.217760531235965     
   6.00999991099040        1.80299997329712      -0.204190764720667     
   6.00999991099040        2.10349996884664      -0.191178571555204     
   6.00999991099040        2.40399996439616      -0.178860936126431     
   6.00999991099040        2.70449995994568      -0.167016321965318     
   6.00999991099040        3.00499995549520      -0.155422535928960     
   6.00999991099040        3.30549995104472      -0.144146427530908     
   6.00999991099040        3.60599994659424      -0.133358932291412     
   6.00999991099040        3.90649994214376      -0.123201417320549     
   6.00999991099040        4.20699993769328      -0.113848660956023     
   6.00999991099040        4.50749993324280      -0.105426862959863     
   6.00999991099040        4.80799992879232      -9.784981271537027E-002
   6.00999991099040        5.10849992434184      -9.100055235562901E-002
   6.00999991099040        5.40899991989136      -8.486331987657973E-002
   6.00999991099040        5.70949991544088      -7.939225725542459E-002
   6.00999991099040        6.00999991099040      -7.445498386608007E-002
   6.00999991099040        6.31049990653992      -6.992401600337651E-002
   6.00999991099040        6.61099990208944      -6.565989379440741E-002
   6.00999991099040        6.91149989763896      -6.153664986824351E-002
   6.00999991099040        7.21199989318848      -5.751870914451496E-002
   6.31049990653992       0.000000000000000E+000 -0.244690862209569     
   6.31049990653992       0.300499995549520      -0.240816734166268     
   6.31049990653992       0.600999991099040      -0.231478196040550     
   6.31049990653992       0.901499986648560      -0.220236584521509     
   6.31049990653992        1.20199998219808      -0.209019416861434     
   6.31049990653992        1.50249997774760      -0.198278626826389     
   6.31049990653992        1.80299997329712      -0.187720963388757     
   6.31049990653992        2.10349996884664      -0.176907952720317     
   6.31049990653992        2.40399996439616      -0.166078111362256     
   6.31049990653992        2.70449995994568      -0.155343264270193     
   6.31049990653992        3.00499995549520      -0.144813214737631     
   6.31049990653992        3.30549995104472      -0.134921416358988     
   6.31049990653992        3.60599994659424      -0.125856053972596     
   6.31049990653992        3.90649994214376      -0.117254920025797     
   6.31049990653992        4.20699993769328      -0.108864850566275     
   6.31049990653992        4.50749993324280      -0.100944084776559     
   6.31049990653992        4.80799992879232      -9.373074039862794E-002
   6.31049990653992        5.10849992434184      -8.723015654636308E-002
   6.31049990653992        5.40899991989136      -8.155188330685609E-002
   6.31049990653992        5.70949991544088      -7.666640338573048E-002
   6.31049990653992        6.00999991099040      -7.237273013169587E-002
   6.31049990653992        6.31049990653992      -6.843276821744557E-002
   6.31049990653992        6.61099990208944      -6.463184136390238E-002
   6.31049990653992        6.91149989763896      -6.084928445008733E-002
   6.31049990653992        7.21199989318848      -5.704071129965076E-002
   6.61099990208944       0.000000000000000E+000 -0.220525597346148     
   6.61099990208944       0.300499995549520      -0.215675160584243     
   6.61099990208944       0.600999991099040      -0.206723205139667     
   6.61099990208944       0.901499986648560      -0.197757171819496     
   6.61099990208944        1.20199998219808      -0.189085401409134     
   6.61099990208944        1.50249997774760      -0.180633666762947     
   6.61099990208944        1.80299997329712      -0.172002276431842     
   6.61099990208944        2.10349996884664      -0.162762486024311     
   6.61099990208944        2.40399996439616      -0.153027053816953     
   6.61099990208944        2.70449995994568      -0.143160182646942     
   6.61099990208944        3.00499995549520      -0.133597275789686     
   6.61099990208944        3.30549995104472      -0.125359561711397     
   6.61099990208944        3.60599994659424      -0.118639187112503     
   6.61099990208944        3.90649994214376      -0.111859538587953     
   6.61099990208944        4.20699993769328      -0.104313809914830     
   6.61099990208944        4.50749993324280      -9.661269474744263E-002
   6.61099990208944        4.80799992879232      -8.958941488052929E-002
   6.61099990208944        5.10849992434184      -8.334562236773031E-002
   6.61099990208944        5.40899991989136      -7.808763051196393E-002
   6.61099990208944        5.70949991544088      -7.376501063712158E-002
   6.61099990208944        6.00999991099040      -7.011061929175530E-002
   6.61099990208944        6.31049990653992      -6.674178530744262E-002
   6.61099990208944        6.61099990208944      -6.330807023109222E-002
   6.61099990208944        6.91149989763896      -5.989566119531708E-002
   6.61099990208944        7.21199989318848      -5.652191672624126E-002
   6.91149989763896       0.000000000000000E+000 -0.201490006129449     
   6.91149989763896       0.300499995549520      -0.192230801355366     
   6.91149989763896       0.600999991099040      -0.182578459709428     
   6.91149989763896       0.901499986648560      -0.176626027020867     
   6.91149989763896        1.20199998219808      -0.170494582105857     
   6.91149989763896        1.50249997774760      -0.163922070053490     
   6.91149989763896        1.80299997329712      -0.156813185728731     
   6.91149989763896        2.10349996884664      -0.148949670207381     
   6.91149989763896        2.40399996439616      -0.140425320213732     
   6.91149989763896        2.70449995994568      -0.131587179197067     
   6.91149989763896        3.00499995549520      -0.123289856514827     
   6.91149989763896        3.30549995104472      -0.117363838406916     
   6.91149989763896        3.60599994659424      -0.113497112330410     
   6.91149989763896        3.90649994214376      -0.107596388574126     
   6.91149989763896        4.20699993769328      -0.100375903244269     
   6.91149989763896        4.50749993324280      -9.260576907007867E-002
   6.91149989763896        4.80799992879232      -8.548494720724249E-002
   6.91149989763896        5.10849992434184      -7.944047548992093E-002
   6.91149989763896        5.40899991989136      -7.455379250559314E-002
   6.91149989763896        5.70949991544088      -7.076469701936820E-002
   6.91149989763896        6.00999991099040      -6.774187210005014E-002
   6.91149989763896        6.31049990653992      -6.499232728679737E-002
   6.91149989763896        6.61099990208944      -6.195660592288631E-002
   6.91149989763896        6.91149989763896      -5.896782925246378E-002
   6.91149989763896        7.21199989318848      -5.650664835276870E-002
   7.21199989318848       0.000000000000000E+000 -0.184208961456113     
   7.21199989318848       0.300499995549520      -0.176353682026463     
   7.21199989318848       0.600999991099040      -0.165230731755186     
   7.21199989318848       0.901499986648560      -0.159181251683374     
   7.21199989318848        1.20199998219808      -0.154020716703409     
   7.21199989318848        1.50249997774760      -0.148632731342303     
   7.21199989318848        1.80299997329712      -0.142718170641886     
   7.21199989318848        2.10349996884664      -0.136158230205091     
   7.21199989318848        2.40399996439616      -0.129076294588569     
   7.21199989318848        2.70449995994568      -0.121824056551665     
   7.21199989318848        3.00499995549520      -0.115538165741042     
   7.21199989318848        3.30549995104472      -0.112039989719978     
   7.21199989318848        3.60599994659424      -0.109079117631105     
   7.21199989318848        3.90649994214376      -0.102879821614349     
   7.21199989318848        4.20699993769328      -9.628161455220142E-002
   7.21199989318848        4.50749993324280      -8.850134784855092E-002
   7.21199989318848        4.80799992879232      -8.137921592324213E-002
   7.21199989318848        5.10849992434184      -7.553286321315168E-002
   7.21199989318848        5.40899991989136      -7.102953379521461E-002
   7.21199989318848        5.70949991544088      -6.770147547698964E-002
   7.21199989318848        6.00999991099040      -6.522676332148135E-002
   7.21199989318848        6.31049990653992      -6.314170419595345E-002
   7.21199989318848        6.61099990208944      -6.094466552708800E-002
   7.21199989318848        6.91149989763896      -5.865313147625689E-002
   7.21199989318848        7.21199989318848      -5.605847962339659E-002
