  0.000000000000000E+000  0.000000000000000E+000 -0.152173236479341     
  0.000000000000000E+000  0.300499995549520      -0.151383870713622     
  0.000000000000000E+000  0.600999991099040      -0.150480223574545     
  0.000000000000000E+000  0.901499986648560      -0.152723062867157     
  0.000000000000000E+000   1.20199998219808      -0.154801818427462     
  0.000000000000000E+000   1.50249997774760      -0.155949500016546     
  0.000000000000000E+000   1.80299997329712      -0.156137323854908     
  0.000000000000000E+000   2.10349996884664      -0.155478725402057     
  0.000000000000000E+000   2.40399996439616      -0.154096130521281     
  0.000000000000000E+000   2.70449995994568      -0.152176673529244     
  0.000000000000000E+000   3.00499995549520      -0.150276472399961     
  0.000000000000000E+000   3.30549995104472      -0.148940680009284     
  0.000000000000000E+000   3.60599994659424      -0.146691638701065     
  0.000000000000000E+000   3.90649994214376      -0.140043122412550     
  0.000000000000000E+000   4.20699993769328      -0.132406883610330     
  0.000000000000000E+000   4.50749993324280      -0.122866570768808     
  0.000000000000000E+000   4.80799992879232      -0.113989524320868     
  0.000000000000000E+000   5.10849992434184      -0.106620321482888     
  0.000000000000000E+000   5.40899991989136      -0.100773833275963     
  0.000000000000000E+000   5.70949991544088      -9.621374349477509E-002
  0.000000000000000E+000   6.00999991099040      -9.249293029445821E-002
  0.000000000000000E+000   6.31049990653992      -8.899579739245486E-002
  0.000000000000000E+000   6.61099990208944      -8.523987279787242E-002
  0.000000000000000E+000   6.91149989763896      -8.207140674139490E-002
  0.000000000000000E+000   7.21199989318848      -7.887530598370307E-002
  0.300499995549520       0.000000000000000E+000 -0.158983864206911     
  0.300499995549520       0.300499995549520      -0.158349618759711     
  0.300499995549520       0.600999991099040      -0.161727813485929     
  0.300499995549520       0.901499986648560      -0.167650617213766     
  0.300499995549520        1.20199998219808      -0.171428434247803     
  0.300499995549520        1.50249997774760      -0.173249181437299     
  0.300499995549520        1.80299997329712      -0.173599970244234     
  0.300499995549520        2.10349996884664      -0.172708758468960     
  0.300499995549520        2.40399996439616      -0.170660320674762     
  0.300499995549520        2.70449995994568      -0.167264688671062     
  0.300499995549520        3.00499995549520      -0.162730917678802     
  0.300499995549520        3.30549995104472      -0.158182023525762     
  0.300499995549520        3.60599994659424      -0.154525408791208     
  0.300499995549520        3.90649994214376      -0.148809659689983     
  0.300499995549520        4.20699993769328      -0.140743377660036     
  0.300499995549520        4.50749993324280      -0.131238482787099     
  0.300499995549520        4.80799992879232      -0.122224953312773     
  0.300499995549520        5.10849992434184      -0.114376612838835     
  0.300499995549520        5.40899991989136      -0.107815981998396     
  0.300499995549520        5.70949991544088      -0.102449408563148     
  0.300499995549520        6.00999991099040      -9.782566884359822E-002
  0.300499995549520        6.31049990653992      -9.331671778901265E-002
  0.300499995549520        6.61099990208944      -8.834193764915735E-002
  0.300499995549520        6.91149989763896      -8.377654991972039E-002
  0.300499995549520        7.21199989318848      -8.045634869483839E-002
  0.600999991099040       0.000000000000000E+000 -0.167226842759351     
  0.600999991099040       0.300499995549520      -0.173376716973428     
  0.600999991099040       0.600999991099040      -0.179619042673454     
  0.600999991099040       0.901499986648560      -0.185853431767127     
  0.600999991099040        1.20199998219808      -0.190206214413047     
  0.600999991099040        1.50249997774760      -0.192585099450198     
  0.600999991099040        1.80299997329712      -0.193213577702588     
  0.600999991099040        2.10349996884664      -0.192264576721897     
  0.600999991099040        2.40399996439616      -0.189892213972853     
  0.600999991099040        2.70449995994568      -0.185807326206664     
  0.600999991099040        3.00499995549520      -0.179796515006652     
  0.600999991099040        3.30549995104472      -0.172653554190615     
  0.600999991099040        3.60599994659424      -0.165617524213649     
  0.600999991099040        3.90649994214376      -0.158255368898217     
  0.600999991099040        4.20699993769328      -0.149491921996810     
  0.600999991099040        4.50749993324280      -0.139850794523200     
  0.600999991099040        4.80799992879232      -0.130682502816270     
  0.600999991099040        5.10849992434184      -0.122288224847058     
  0.600999991099040        5.40899991989136      -0.114990652136207     
  0.600999991099040        5.70949991544088      -0.108723975138544     
  0.600999991099040        6.00999991099040      -0.103090881298404     
  0.600999991099040        6.31049990653992      -9.761959124177953E-002
  0.600999991099040        6.61099990208944      -9.196152277601660E-002
  0.600999991099040        6.91149989763896      -8.648136470171411E-002
  0.600999991099040        7.21199989318848      -8.154268667624683E-002
  0.901499986648560       0.000000000000000E+000 -0.178461835894653     
  0.901499986648560       0.300499995549520      -0.188824386775523     
  0.901499986648560       0.600999991099040      -0.197562572866555     
  0.901499986648560       0.901499986648560      -0.204840700598799     
  0.901499986648560        1.20199998219808      -0.210291251309601     
  0.901499986648560        1.50249997774760      -0.213654989565150     
  0.901499986648560        1.80299997329712      -0.214854403331314     
  0.901499986648560        2.10349996884664      -0.214022999944428     
  0.901499986648560        2.40399996439616      -0.211586007504285     
  0.901499986648560        2.70449995994568      -0.207177918199590     
  0.901499986648560        3.00499995549520      -0.200477689569631     
  0.901499986648560        3.30549995104472      -0.191838705460333     
  0.901499986648560        3.60599994659424      -0.182072277451668     
  0.901499986648560        3.90649994214376      -0.171624039659205     
  0.901499986648560        4.20699993769328      -0.160652485469574     
  0.901499986648560        4.50749993324280      -0.149764571955623     
  0.901499986648560        4.80799992879232      -0.139667015699854     
  0.901499986648560        5.10849992434184      -0.130483439765924     
  0.901499986648560        5.40899991989136      -0.122265144126086     
  0.901499986648560        5.70949991544088      -0.114977206981025     
  0.901499986648560        6.00999991099040      -0.108252101308219     
  0.901499986648560        6.31049990653992      -0.101798814591654     
  0.901499986648560        6.61099990208944      -9.546531832675217E-002
  0.901499986648560        6.91149989763896      -8.929089712645717E-002
  0.901499986648560        7.21199989318848      -8.333730751758316E-002
   1.20199998219808       0.000000000000000E+000 -0.189020883180979     
   1.20199998219808       0.300499995549520      -0.202259753703255     
   1.20199998219808       0.600999991099040      -0.214016593597066     
   1.20199998219808       0.901499986648560      -0.223999445274469     
   1.20199998219808        1.20199998219808      -0.231745007341089     
   1.20199998219808        1.50249997774760      -0.236764235655741     
   1.20199998219808        1.80299997329712      -0.238791770351949     
   1.20199998219808        2.10349996884664      -0.238245019794348     
   1.20199998219808        2.40399996439616      -0.235540981336684     
   1.20199998219808        2.70449995994568      -0.230338183065499     
   1.20199998219808        3.00499995549520      -0.222535317504090     
   1.20199998219808        3.30549995104472      -0.212339801114187     
   1.20199998219808        3.60599994659424      -0.200247617355224     
   1.20199998219808        3.90649994214376      -0.186998610308480     
   1.20199998219808        4.20699993769328      -0.173512971825048     
   1.20199998219808        4.50749993324280      -0.160742986211781     
   1.20199998219808        4.80799992879232      -0.149196987982584     
   1.20199998219808        5.10849992434184      -0.138884470804310     
   1.20199998219808        5.40899991989136      -0.129587545743987     
   1.20199998219808        5.70949991544088      -0.121136693071762     
   1.20199998219808        6.00999991099040      -0.113226730463041     
   1.20199998219808        6.31049990653992      -0.105689615534301     
   1.20199998219808        6.61099990208944      -9.849529193556800E-002
   1.20199998219808        6.91149989763896      -9.164597438817199E-002
   1.20199998219808        7.21199989318848      -8.512144826443929E-002
   1.50249997774760       0.000000000000000E+000 -0.200699585889763     
   1.50249997774760       0.300499995549520      -0.216662068557567     
   1.50249997774760       0.600999991099040      -0.231791135019088     
   1.50249997774760       0.901499986648560      -0.245316722223912     
   1.50249997774760        1.20199998219808      -0.256151810267189     
   1.50249997774760        1.50249997774760      -0.263235124117254     
   1.50249997774760        1.80299997329712      -0.266208110545348     
   1.50249997774760        2.10349996884664      -0.265661834612302     
   1.50249997774760        2.40399996439616      -0.261817200587142     
   1.50249997774760        2.70449995994568      -0.254916720337588     
   1.50249997774760        3.00499995549520      -0.245205941778885     
   1.50249997774760        3.30549995104472      -0.232939743998875     
   1.50249997774760        3.60599994659424      -0.218571355154375     
   1.50249997774760        3.90649994214376      -0.202925545853045     
   1.50249997774760        4.20699993769328      -0.187140573641203     
   1.50249997774760        4.50749993324280      -0.172307443525043     
   1.50249997774760        4.80799992879232      -0.159042867169311     
   1.50249997774760        5.10849992434184      -0.147346318205192     
   1.50249997774760        5.40899991989136      -0.136834953478916     
   1.50249997774760        5.70949991544088      -0.127132424606141     
   1.50249997774760        6.00999991099040      -0.117994288348315     
   1.50249997774760        6.31049990653992      -0.109341459614814     
   1.50249997774760        6.61099990208944      -0.101256992007033     
   1.50249997774760        6.91149989763896      -9.378448064343843E-002
   1.50249997774760        7.21199989318848      -8.685151918547115E-002
   1.80299997329712       0.000000000000000E+000 -0.215985930376223     
   1.80299997329712       0.300499995549520      -0.235089974338348     
   1.80299997329712       0.600999991099040      -0.253981886707975     
   1.80299997329712       0.901499986648560      -0.271491616604451     
   1.80299997329712        1.20199998219808      -0.285786286260221     
   1.80299997329712        1.50249997774760      -0.295139421025234     
   1.80299997329712        1.80299997329712      -0.298869994017046     
   1.80299997329712        2.10349996884664      -0.297089363008601     
   1.80299997329712        2.40399996439616      -0.290641980953366     
   1.80299997329712        2.70449995994568      -0.280671895505986     
   1.80299997329712        3.00499995549520      -0.268058880363731     
   1.80299997329712        3.30549995104472      -0.253252428648668     
   1.80299997329712        3.60599994659424      -0.236590552656354     
   1.80299997329712        3.90649994214376      -0.218731834896350     
   1.80299997329712        4.20699993769328      -0.200763407365556     
   1.80299997329712        4.50749993324280      -0.183866746232624     
   1.80299997329712        4.80799992879232      -0.168799658587273     
   1.80299997329712        5.10849992434184      -0.155614075268235     
   1.80299997329712        5.40899991989136      -0.143830286839661     
   1.80299997329712        5.70949991544088      -0.132899215912704     
   1.80299997329712        6.00999991099040      -0.122560861662342     
   1.80299997329712        6.31049990653992      -0.112843889893815     
   1.80299997329712        6.61099990208944      -0.103927477579737     
   1.80299997329712        6.91149989763896      -9.589673971627886E-002
   1.80299997329712        7.21199989318848      -8.862040563086263E-002
   2.10349996884664       0.000000000000000E+000 -0.237018294523250     
   2.10349996884664       0.300499995549520      -0.260033018671739     
   2.10349996884664       0.600999991099040      -0.283187116496327     
   2.10349996884664       0.901499986648560      -0.304925820598309     
   2.10349996884664        1.20199998219808      -0.322663096565968     
   2.10349996884664        1.50249997774760      -0.333976448406804     
   2.10349996884664        1.80299997329712      -0.337315347118635     
   2.10349996884664        2.10349996884664      -0.332762086368949     
   2.10349996884664        2.40399996439616      -0.321996327335417     
   2.10349996884664        2.70449995994568      -0.307337830150230     
   2.10349996884664        3.00499995549520      -0.290596520799960     
   2.10349996884664        3.30549995104472      -0.272572427273460     
   2.10349996884664        3.60599994659424      -0.253444000600088     
   2.10349996884664        3.90649994214376      -0.233509076016584     
   2.10349996884664        4.20699993769328      -0.213582586820286     
   2.10349996884664        4.50749993324280      -0.194796545683658     
   2.10349996884664        4.80799992879232      -0.178014300800658     
   2.10349996884664        5.10849992434184      -0.163376986275420     
   2.10349996884664        5.40899991989136      -0.150372651679347     
   2.10349996884664        5.70949991544088      -0.138332895752023     
   2.10349996884664        6.00999991099040      -0.126921801016619     
   2.10349996884664        6.31049990653992      -0.116247378338191     
   2.10349996884664        6.61099990208944      -0.106590747103330     
   2.10349996884664        6.91149989763896      -9.807915089918966E-002
   2.10349996884664        7.21199989318848      -9.050101717143183E-002
   2.40399996439616       0.000000000000000E+000 -0.265817021065578     
   2.40399996439616       0.300499995549520      -0.293559791736713     
   2.40399996439616       0.600999991099040      -0.321480331370347     
   2.40399996439616       0.901499986648560      -0.346735259290810     
   2.40399996439616        1.20199998219808      -0.366723849467134     
   2.40399996439616        1.50249997774760      -0.378656714050753     
   2.40399996439616        1.80299997329712      -0.380272672537564     
   2.40399996439616        2.10349996884664      -0.371543962983658     
   2.40399996439616        2.40399996439616      -0.354972361087511     
   2.40399996439616        2.70449995994568      -0.334210067953897     
   2.40399996439616        3.00499995549520      -0.312220729009486     
   2.40399996439616        3.30549995104472      -0.290307885426636     
   2.40399996439616        3.60599994659424      -0.268495969640680     
   2.40399996439616        3.90649994214376      -0.246596886302083     
   2.40399996439616        4.20699993769328      -0.224976173006848     
   2.40399996439616        4.50749993324280      -0.204571154324872     
   2.40399996439616        4.80799992879232      -0.186278821086560     
   2.40399996439616        5.10849992434184      -0.170331714157435     
   2.40399996439616        5.40899991989136      -0.156231954993664     
   2.40399996439616        5.70949991544088      -0.143237465651134     
   2.40399996439616        6.00999991099040      -0.130942388026961     
   2.40399996439616        6.31049990653992      -0.119477433697350     
   2.40399996439616        6.61099990208944      -0.109222872682481     
   2.40399996439616        6.91149989763896      -0.100338588317579     
   2.40399996439616        7.21199989318848      -9.255187333102569E-002
   2.70449995994568       0.000000000000000E+000 -0.303923067557662     
   2.70449995994568       0.300499995549520      -0.337058246638433     
   2.70449995994568       0.600999991099040      -0.370469786552523     
   2.70449995994568       0.901499986648560      -0.397581847369059     
   2.70449995994568        1.20199998219808      -0.415747497840321     
   2.70449995994568        1.50249997774760      -0.425726884725190     
   2.70449995994568        1.80299997329712      -0.424187591771873     
   2.70449995994568        2.10349996884664      -0.410365051606656     
   2.70449995994568        2.40399996439616      -0.387239798312768     
   2.70449995994568        2.70449995994568      -0.359698697649332     
   2.70449995994568        3.00499995549520      -0.331914628528272     
   2.70449995994568        3.30549995104472      -0.305798591881371     
   2.70449995994568        3.60599994659424      -0.281250606121150     
   2.70449995994568        3.90649994214376      -0.257535945310554     
   2.70449995994568        4.20699993769328      -0.234490544869420     
   2.70449995994568        4.50749993324280      -0.212773467387198     
   2.70449995994568        4.80799992879232      -0.193241877929822     
   2.70449995994568        5.10849992434184      -0.176195195456431     
   2.70449995994568        5.40899991989136      -0.161173066829083     
   2.70449995994568        5.70949991544088      -0.147393208054852     
   2.70449995994568        6.00999991099040      -0.134389288290256     
   2.70449995994568        6.31049990653992      -0.122296858412099     
   2.70449995994568        6.61099990208944      -0.111573279604573     
   2.70449995994568        6.91149989763896      -0.102523826978696     
   2.70449995994568        7.21199989318848      -9.480881112820874E-002
   3.00499995549520       0.000000000000000E+000 -0.348502632666980     
   3.00499995549520       0.300499995549520      -0.387582578343622     
   3.00499995549520       0.600999991099040      -0.425867528166087     
   3.00499995549520       0.901499986648560      -0.454260709751294     
   3.00499995549520        1.20199998219808      -0.465324193928021     
   3.00499995549520        1.50249997774760      -0.469237342146256     
   3.00499995549520        1.80299997329712      -0.463310943055550     
   3.00499995549520        2.10349996884664      -0.444337460217429     
   3.00499995549520        2.40399996439616      -0.415064126615667     
   3.00499995549520        2.70449995994568      -0.381253512263636     
   3.00499995549520        3.00499995549520      -0.348128456910105     
   3.00499995549520        3.30549995104472      -0.318190553189295     
   3.00499995549520        3.60599994659424      -0.291224269270768     
   3.00499995549520        3.90649994214376      -0.265957864612686     
   3.00499995549520        4.20699993769328      -0.241759461104767     
   3.00499995549520        4.50749993324280      -0.219038002860241     
   3.00499995549520        4.80799992879232      -0.198570275977291     
   3.00499995549520        5.10849992434184      -0.180683651142947     
   3.00499995549520        5.40899991989136      -0.164953340255231     
   3.00499995549520        5.70949991544088      -0.150573223613674     
   3.00499995549520        6.00999991099040      -0.137016090239040     
   3.00499995549520        6.31049990653992      -0.124390940769007     
   3.00499995549520        6.61099990208944      -0.113282129146541     
   3.00499995549520        6.91149989763896      -0.104313846517028     
   3.00499995549520        7.21199989318848      -9.704295082750088E-002
   3.30549995104472       0.000000000000000E+000 -0.386274152126523     
   3.30549995104472       0.300499995549520      -0.432455055254606     
   3.30549995104472       0.600999991099040      -0.474318644370393     
   3.30549995104472       0.901499986648560      -0.501009796115284     
   3.30549995104472        1.20199998219808      -0.506088642608209     
   3.30549995104472        1.50249997774760      -0.501043899614079     
   3.30549995104472        1.80299997329712      -0.490770221352204     
   3.30549995104472        2.10349996884664      -0.467822271382868     
   3.30549995104472        2.40399996439616      -0.434121433879207     
   3.30549995104472        2.70449995994568      -0.395866649068552     
   3.30549995104472        3.00499995549520      -0.358989344397631     
   3.30549995104472        3.30549995104472      -0.326416137703770     
   3.30549995104472        3.60599994659424      -0.297800825034100     
   3.30549995104472        3.90649994214376      -0.271428615174698     
   3.30549995104472        4.20699993769328      -0.246401890962410     
   3.30549995104472        4.50749993324280      -0.223004806208614     
   3.30549995104472        4.80799992879232      -0.201937251995296     
   3.30549995104472        5.10849992434184      -0.183518766293106     
   3.30549995104472        5.40899991989136      -0.167338802381789     
   3.30549995104472        5.70949991544088      -0.152570836721368     
   3.30549995104472        6.00999991099040      -0.138612615376261     
   3.30549995104472        6.31049990653992      -0.125572752058847     
   3.30549995104472        6.61099990208944      -0.114112447960314     
   3.30549995104472        6.91149989763896      -0.105339536781513     
   3.30549995104472        7.21199989318848      -9.850823335937660E-002
   3.60599994659424       0.000000000000000E+000 -0.401579566017212     
   3.60599994659424       0.300499995549520      -0.451643813424270     
   3.60599994659424       0.600999991099040      -0.494428576638398     
   3.60599994659424       0.901499986648560      -0.519546275494079     
   3.60599994659424        1.20199998219808      -0.522159799119027     
   3.60599994659424        1.50249997774760      -0.512890559398714     
   3.60599994659424        1.80299997329712      -0.500705940748886     
   3.60599994659424        2.10349996884664      -0.476240487252077     
   3.60599994659424        2.40399996439616      -0.440920223147620     
   3.60599994659424        2.70449995994568      -0.401058970629762     
   3.60599994659424        3.00499995549520      -0.362839552887488     
   3.60599994659424        3.30549995104472      -0.329344742229295     
   3.60599994659424        3.60599994659424      -0.300156662130336     
   3.60599994659424        3.90649994214376      -0.273366146463733     
   3.60599994659424        4.20699993769328      -0.248015824067966     
   3.60599994659424        4.50749993324280      -0.224369071822680     
   3.60599994659424        4.80799992879232      -0.203091182062530     
   3.60599994659424        5.10849992434184      -0.184490216994265     
   3.60599994659424        5.40899991989136      -0.168155879359788     
   3.60599994659424        5.70949991544088      -0.153251579087378     
   3.60599994659424        6.00999991099040      -0.139139472833300     
   3.60599994659424        6.31049990653992      -0.125932845273159     
   3.60599994659424        6.61099990208944      -0.114306074099904     
   3.60599994659424        6.91149989763896      -0.105796419385336     
   3.60599994659424        7.21199989318848      -9.950568463776752E-002
   3.90649994214376       0.000000000000000E+000 -0.386259663210195     
   3.90649994214376       0.300499995549520      -0.432423006434397     
   3.90649994214376       0.600999991099040      -0.474290838855902     
   3.90649994214376       0.901499986648560      -0.500993306685013     
   3.90649994214376        1.20199998219808      -0.506081785905845     
   3.90649994214376        1.50249997774760      -0.501042465783128     
   3.90649994214376        1.80299997329712      -0.490771581178427     
   3.90649994214376        2.10349996884664      -0.467825107061538     
   3.90649994214376        2.40399996439616      -0.434124976554110     
   3.90649994214376        2.70449995994568      -0.395870299301544     
   3.90649994214376        3.00499995549520      -0.358992851644747     
   3.90649994214376        3.30549995104472      -0.326419492372907     
   3.90649994214376        3.60599994659424      -0.297803991972657     
   3.90649994214376        3.90649994214376      -0.271431658387849     
   3.90649994214376        4.20699993769328      -0.246404699151730     
   3.90649994214376        4.50749993324280      -0.223007354681747     
   3.90649994214376        4.80799992879232      -0.201939561355026     
   3.90649994214376        5.10849992434184      -0.183520977880268     
   3.90649994214376        5.40899991989136      -0.167341100724215     
   3.90649994214376        5.70949991544088      -0.152573427425383     
   3.90649994214376        6.00999991099040      -0.138615561706983     
   3.90649994214376        6.31049990653992      -0.125576090411587     
   3.90649994214376        6.61099990208944      -0.114115981168160     
   3.90649994214376        6.91149989763896      -0.105342346721710     
   3.90649994214376        7.21199989318848      -9.850655321921371E-002
   4.20699993769328       0.000000000000000E+000 -0.348478504421495     
   4.20699993769328       0.300499995549520      -0.387544129549656     
   4.20699993769328       0.600999991099040      -0.425832941124323     
   4.20699993769328       0.901499986648560      -0.454239754267690     
   4.20699993769328        1.20199998219808      -0.465316416952921     
   4.20699993769328        1.50249997774760      -0.469237361631820     
   4.20699993769328        1.80299997329712      -0.463315441169952     
   4.20699993769328        2.10349996884664      -0.444344430727415     
   4.20699993769328        2.40399996439616      -0.415072012156938     
   4.20699993769328        2.70449995994568      -0.381261358584270     
   4.20699993769328        3.00499995549520      -0.348135772743532     
   4.20699993769328        3.30549995104472      -0.318197300885501     
   4.20699993769328        3.60599994659424      -0.291230522735343     
   4.20699993769328        3.90649994214376      -0.265963735324492     
   4.20699993769328        4.20699993769328      -0.241764881904954     
   4.20699993769328        4.50749993324280      -0.219042924613608     
   4.20699993769328        4.80799992879232      -0.198574777350922     
   4.20699993769328        5.10849992434184      -0.180687992442405     
   4.20699993769328        5.40899991989136      -0.164957916138524     
   4.20699993769328        5.70949991544088      -0.150578393715361     
   4.20699993769328        6.00999991099040      -0.137022034082083     
   4.20699993769328        6.31049990653992      -0.124397556213257     
   4.20699993769328        6.61099990208944      -0.113288654509525     
   4.20699993769328        6.91149989763896      -0.104318092601958     
   4.20699993769328        7.21199989318848      -9.704200765248518E-002
   4.50749993324280       0.000000000000000E+000 -0.303901328087141     
   4.50749993324280       0.300499995549520      -0.337029146194489     
   4.50749993324280       0.600999991099040      -0.370444420261532     
   4.50749993324280       0.901499986648560      -0.397568077869521     
   4.50749993324280        1.20199998219808      -0.415744653267294     
   4.50749993324280        1.50249997774760      -0.425731779838553     
   4.50749993324280        1.80299997329712      -0.424197543088439     
   4.50749993324280        2.10349996884664      -0.410377695025767     
   4.50749993324280        2.40399996439616      -0.387253125396781     
   4.50749993324280        2.70449995994568      -0.359711358354390     
   4.50749993324280        3.00499995549520      -0.331926012373497     
   4.50749993324280        3.30549995104472      -0.305808706269945     
   4.50749993324280        3.60599994659424      -0.281259741397690     
   4.50749993324280        3.90649994214376      -0.257544356367672     
   4.50749993324280        4.20699993769328      -0.234498322043217     
   4.50749993324280        4.50749993324280      -0.212780593984376     
   4.50749993324280        4.80799992879232      -0.193248483758368     
   4.50749993324280        5.10849992434184      -0.176201644276465     
   4.50749993324280        5.40899991989136      -0.161179938153158     
   4.50749993324280        5.70949991544088      -0.147401010049382     
   4.50749993324280        6.00999991099040      -0.134398308428713     
   4.50749993324280        6.31049990653992      -0.122306988330430     
   4.50749993324280        6.61099990208944      -0.111583774724723     
   4.50749993324280        6.91149989763896      -0.102532909795547     
   4.50749993324280        7.21199989318848      -9.481492506907070E-002
   4.80799992879232       0.000000000000000E+000 -0.265802085131746     
   4.80799992879232       0.300499995549520      -0.293543453150136     
   4.80799992879232       0.600999991099040      -0.321468607528044     
   4.80799992879232       0.901499986648560      -0.346731572910844     
   4.80799992879232        1.20199998219808      -0.366728484799217     
   4.80799992879232        1.50249997774760      -0.378668333483603     
   4.80799992879232        1.80299997329712      -0.380289172694298     
   4.80799992879232        2.10349996884664      -0.371562842645492     
   4.80799992879232        2.40399996439616      -0.354991325037540     
   4.80799992879232        2.70449995994568      -0.334227530119408     
   4.80799992879232        3.00499995549520      -0.312236000042204     
   4.80799992879232        3.30549995104472      -0.290321176161859     
   4.80799992879232        3.60599994659424      -0.268507748015459     
   4.80799992879232        3.90649994214376      -0.246607676128316     
   4.80799992879232        4.20699993769328      -0.224986201356609     
   4.80799992879232        4.50749993324280      -0.204580505653490     
   4.80799992879232        4.80799992879232      -0.186287647207494     
   4.80799992879232        5.10849992434184      -0.170340470404046     
   4.80799992879232        5.40899991989136      -0.156241294658771     
   4.80799992879232        5.70949991544088      -0.143248039451878     
   4.80799992879232        6.00999991099040      -0.130954606979078     
   4.80799992879232        6.31049990653992      -0.119491304521961     
   4.80799992879232        6.61099990208944      -0.109237941122894     
   4.80799992879232        6.91149989763896      -0.100353949784756     
   4.80799992879232        7.21199989318848      -9.256648264451948E-002
   5.10849992434184       0.000000000000000E+000 -0.237008557076677     
   5.10849992434184       0.300499995549520      -0.260025705737954     
   5.10849992434184       0.600999991099040      -0.283185055912133     
   5.10849992434184       0.901499986648560      -0.304930559642333     
   5.10849992434184        1.20199998219808      -0.322674802438503     
   5.10849992434184        1.50249997774760      -0.333994209926191     
   5.10849992434184        1.80299997329712      -0.337337383692117     
   5.10849992434184        2.10349996884664      -0.332785974293642     
   5.10849992434184        2.40399996439616      -0.322019700663132     
   5.10849992434184        2.70449995994568      -0.307359018297305     
   5.10849992434184        3.00499995549520      -0.290614893798837     
   5.10849992434184        3.30549995104472      -0.272588328798831     
   5.10849992434184        3.60599994659424      -0.253458201626484     
   5.10849992434184        3.90649994214376      -0.233522261991430     
   5.10849992434184        4.20699993769328      -0.213595062291705     
   5.10849992434184        4.50749993324280      -0.194808422429349     
   5.10849992434184        4.80799992879232      -0.178025756925328     
   5.10849992434184        5.10849992434184      -0.163388438638969     
   5.10849992434184        5.40899991989136      -0.150384771493651     
   5.10849992434184        5.70949991544088      -0.138346423615010     
   5.10849992434184        6.00999991099040      -0.126937309711731     
   5.10849992434184        6.31049990653992      -0.116265151681424     
   5.10849992434184        6.61099990208944      -0.106610681767171     
   5.10849992434184        6.91149989763896      -9.810057447651341E-002
   5.10849992434184        7.21199989318848      -9.052321005695470E-002
   5.40899991989136       0.000000000000000E+000 -0.215978390457440     
   5.40899991989136       0.300499995549520      -0.235086873073541     
   5.40899991989136       0.600999991099040      -0.253985258491790     
   5.40899991989136       0.901499986648560      -0.271502028736976     
   5.40899991989136        1.20199998219808      -0.285802896995234     
   5.40899991989136        1.50249997774760      -0.295160778051150     
   5.40899991989136        1.80299997329712      -0.298894679215919     
   5.40899991989136        2.10349996884664      -0.297115368593255     
   5.40899991989136        2.40399996439616      -0.290667158266519     
   5.40899991989136        2.70449995994568      -0.280694747843674     
   5.40899991989136        3.00499995549520      -0.268078936877241     
   5.40899991989136        3.30549995104472      -0.253270216059686     
   5.40899991989136        3.60599994659424      -0.236606943460273     
   5.40899991989136        3.90649994214376      -0.218747552600258     
   5.40899991989136        4.20699993769328      -0.200778752625495     
   5.40899991989136        4.50749993324280      -0.183881722276655     
   5.40899991989136        4.80799992879232      -0.168814307235782     
   5.40899991989136        5.10849992434184      -0.155628714874189     
   5.40899991989136        5.40899991989136      -0.143845516941971     
   5.40899991989136        5.70949991544088      -0.132915783004644     
   5.40899991989136        6.00999991099040      -0.122579510869951     
   5.40899991989136        6.31049990653992      -0.112864972578397     
   5.40899991989136        6.61099990208944      -0.103950988231821     
   5.40899991989136        6.91149989763896      -9.592245055945282E-002
   5.40899991989136        7.21199989318848      -8.864779805669498E-002
   5.70949991544088       0.000000000000000E+000 -0.200691942548050     
   5.70949991544088       0.300499995549520      -0.216659686361148     
   5.70949991544088       0.600999991099040      -0.231796075383691     
   5.70949991544088       0.901499986648560      -0.245328875772604     
   5.70949991544088        1.20199998219808      -0.256169574115854     
   5.70949991544088        1.50249997774760      -0.263256507901079     
   5.70949991544088        1.80299997329712      -0.266231616320970     
   5.70949991544088        2.10349996884664      -0.265686236526016     
   5.70949991544088        2.40399996439616      -0.261840965426493     
   5.70949991544088        2.70449995994568      -0.254938715838684     
   5.70949991544088        3.00499995549520      -0.245225983073620     
   5.70949991544088        3.30549995104472      -0.232958488688359     
   5.70949991544088        3.60599994659424      -0.218589731443953     
   5.70949991544088        3.90649994214376      -0.202944079742487     
   5.70949991544088        4.20699993769328      -0.187159237329030     
   5.70949991544088        4.50749993324280      -0.172325994542185     
   5.70949991544088        4.80799992879232      -0.159061154540723     
   5.70949991544088        5.10849992434184      -0.147364493625133     
   5.70949991544088        5.40899991989136      -0.136853443661672     
   5.70949991544088        5.70949991544088      -0.127151853861765     
   5.70949991544088        6.00999991099040      -0.118015168450842     
   5.70949991544088        6.31049990653992      -0.109364293355434     
   5.70949991544088        6.61099990208944      -0.101282278094906     
   5.70949991544088        6.91149989763896      -9.381246293362229E-002
   5.70949991544088        7.21199989318848      -8.688194256309247E-002
   6.00999991099040       0.000000000000000E+000 -0.189011350312138     
   6.00999991099040       0.300499995549520      -0.202255511514476     
   6.00999991099040       0.600999991099040      -0.214020259666241     
   6.00999991099040       0.901499986648560      -0.224010156877888     
   6.00999991099040        1.20199998219808      -0.231760235072615     
   6.00999991099040        1.50249997774760      -0.236781750024958     
   6.00999991099040        1.80299997329712      -0.238810378087631     
   6.00999991099040        2.10349996884664      -0.238264398469621     
   6.00999991099040        2.40399996439616      -0.235560385683467     
   6.00999991099040        2.70449995994568      -0.230356910293672     
   6.00999991099040        3.00499995549520      -0.222553540166563     
   6.00999991099040        3.30549995104472      -0.212358561843864     
   6.00999991099040        3.60599994659424      -0.200267915918436     
   6.00999991099040        3.90649994214376      -0.187020371773620     
   6.00999991099040        4.20699993769328      -0.173535401717114     
   6.00999991099040        4.50749993324280      -0.160765381181274     
   6.00999991099040        4.80799992879232      -0.149219057008995     
   6.00999991099040        5.10849992434184      -0.138906238190955     
   6.00999991099040        5.40899991989136      -0.129609247878220     
   6.00999991099040        5.70949991544088      -0.121158499889478     
   6.00999991099040        6.00999991099040      -0.113248976632138     
   6.00999991099040        6.31049990653992      -0.105713074415876     
   6.00999991099040        6.61099990208944      -9.852113332708230E-002
   6.00999991099040        6.91149989763896      -9.167492763965732E-002
   6.00999991099040        7.21199989318848      -8.515307427550951E-002
   6.31049990653992       0.000000000000000E+000 -0.178449688570691     
   6.31049990653992       0.300499995549520      -0.188817511801513     
   6.31049990653992       0.600999991099040      -0.197564366513405     
   6.31049990653992       0.901499986648560      -0.204848832732941     
   6.31049990653992        1.20199998219808      -0.210301910257719     
   6.31049990653992        1.50249997774760      -0.213665990625757     
   6.31049990653992        1.80299997329712      -0.214865381646144     
   6.31049990653992        2.10349996884664      -0.214034883001435     
   6.31049990653992        2.40399996439616      -0.211598940095743     
   6.31049990653992        2.70449995994568      -0.207191415626346     
   6.31049990653992        3.00499995549520      -0.200492299313606     
   6.31049990653992        3.30549995104472      -0.191856279341459     
   6.31049990653992        3.60599994659424      -0.182094314062528     
   6.31049990653992        3.90649994214376      -0.171649639172390     
   6.31049990653992        4.20699993769328      -0.160679204818212     
   6.31049990653992        4.50749993324280      -0.149790830112217     
   6.31049990653992        4.80799992879232      -0.139692570094345     
   6.31049990653992        5.10849992434184      -0.130508588286499     
   6.31049990653992        5.40899991989136      -0.122289883047069     
   6.31049990653992        5.70949991544088      -0.115001261148236     
   6.31049990653992        6.00999991099040      -0.108275609106275     
   6.31049990653992        6.31049990653992      -0.101822814126113     
   6.31049990653992        6.61099990208944      -9.549199067042284E-002
   6.31049990653992        6.91149989763896      -8.932142868452964E-002
   6.31049990653992        7.21199989318848      -8.336923629494930E-002
   6.61099990208944       0.000000000000000E+000 -0.167212699547530     
   6.61099990208944       0.300499995549520      -0.173369213584754     
   6.61099990208944       0.600999991099040      -0.179621863037540     
   6.61099990208944       0.901499986648560      -0.185860074553948     
   6.61099990208944        1.20199998219808      -0.190211757735920     
   6.61099990208944        1.50249997774760      -0.192588421809652     
   6.61099990208944        1.80299997329712      -0.193215771152797     
   6.61099990208944        2.10349996884664      -0.192267727854388     
   6.61099990208944        2.40399996439616      -0.189897725828037     
   6.61099990208944        2.70449995994568      -0.185814614831630     
   6.61099990208944        3.00499995549520      -0.179806474593100     
   6.61099990208944        3.30549995104472      -0.172668466358208     
   6.61099990208944        3.60599994659424      -0.165640284033257     
   6.61099990208944        3.90649994214376      -0.158284187017440     
   6.61099990208944        4.20699993769328      -0.149521923796682     
   6.61099990208944        4.50749993324280      -0.139880017249723     
   6.61099990208944        4.80799992879232      -0.130710730555863     
   6.61099990208944        5.10849992434184      -0.122316252010274     
   6.61099990208944        5.40899991989136      -0.115018309528676     
   6.61099990208944        5.70949991544088      -0.108750752692861     
   6.61099990208944        6.00999991099040      -0.103116687759991     
   6.61099990208944        6.31049990653992      -9.764565669034295E-002
   6.61099990208944        6.61099990208944      -9.199138933755921E-002
   6.61099990208944        6.91149989763896      -8.651726178855079E-002
   6.61099990208944        7.21199989318848      -8.157631546350867E-002
   6.91149989763896       0.000000000000000E+000 -0.158969184591613     
   6.91149989763896       0.300499995549520      -0.158347528514206     
   6.91149989763896       0.600999991099040      -0.161736600507370     
   6.91149989763896       0.901499986648560      -0.167656853163607     
   6.91149989763896        1.20199998219808      -0.171428354938558     
   6.91149989763896        1.50249997774760      -0.173244228560338     
   6.91149989763896        1.80299997329712      -0.173593117016590     
   6.91149989763896        2.10349996884664      -0.172703321297482     
   6.91149989763896        2.40399996439616      -0.170658647925249     
   6.91149989763896        2.70449995994568      -0.167266901648553     
   6.91149989763896        3.00499995549520      -0.162737255848831     
   6.91149989763896        3.30549995104472      -0.158193106789981     
   6.91149989763896        3.60599994659424      -0.154545302821771     
   6.91149989763896        3.90649994214376      -0.148837348855121     
   6.91149989763896        4.20699993769328      -0.140772216383290     
   6.91149989763896        4.50749993324280      -0.131267460960874     
   6.91149989763896        4.80799992879232      -0.122254216336600     
   6.91149989763896        5.10849992434184      -0.114406529983101     
   6.91149989763896        5.40899991989136      -0.107846361267638     
   6.91149989763896        5.70949991544088      -0.102479634793731     
   6.91149989763896        6.00999991099040      -9.785563250323816E-002
   6.91149989763896        6.31049990653992      -9.334768498842326E-002
   6.91149989763896        6.61099990208944      -8.837738798393406E-002
   6.91149989763896        6.91149989763896      -8.381835857358576E-002
   6.91149989763896        7.21199989318848      -8.049605819140807E-002
   7.21199989318848       0.000000000000000E+000 -0.152164121564895     
   7.21199989318848       0.300499995549520      -0.151388694860842     
   7.21199989318848       0.600999991099040      -0.150492309039706     
   7.21199989318848       0.901499986648560      -0.152725522195857     
   7.21199989318848        1.20199998219808      -0.154794085513221     
   7.21199989318848        1.50249997774760      -0.155935533919005     
   7.21199989318848        1.80299997329712      -0.156121504986946     
   7.21199989318848        2.10349996884664      -0.155465145920864     
   7.21199989318848        2.40399996439616      -0.154088232104165     
   7.21199989318848        2.70449995994568      -0.152175540152245     
   7.21199989318848        3.00499995549520      -0.150282440050188     
   7.21199989318848        3.30549995104472      -0.148951569351225     
   7.21199989318848        3.60599994659424      -0.146704060170990     
   7.21199989318848        3.90649994214376      -0.140061104901493     
   7.21199989318848        4.20699993769328      -0.132427944985545     
   7.21199989318848        4.50749993324280      -0.122891210686508     
   7.21199989318848        4.80799992879232      -0.114017267238158     
   7.21199989318848        5.10849992434184      -0.106650644477537     
   7.21199989318848        5.40899991989136      -0.100806096023092     
   7.21199989318848        5.70949991544088      -9.624732467971503E-002
   7.21199989318848        6.00999991099040      -9.252787958468660E-002
   7.21199989318848        6.31049990653992      -8.903331972156212E-002
   7.21199989318848        6.61099990208944      -8.528200524466434E-002
   7.21199989318848        6.91149989763896      -8.211668053213839E-002
   7.21199989318848        7.21199989318848      -7.891943546049747E-002
