  0.000000000000000E+000  0.000000000000000E+000 -0.111745055804095     
  0.000000000000000E+000  0.300499995549520      -0.114782069416305     
  0.000000000000000E+000  0.600999991099040      -0.117956540872671     
  0.000000000000000E+000  0.901499986648560      -0.122553300634406     
  0.000000000000000E+000   1.20199998219808      -0.126703497951898     
  0.000000000000000E+000   1.50249997774760      -0.130597694321224     
  0.000000000000000E+000   1.80299997329712      -0.134755082598911     
  0.000000000000000E+000   2.10349996884664      -0.139565943817977     
  0.000000000000000E+000   2.40399996439616      -0.145301755338245     
  0.000000000000000E+000   2.70449995994568      -0.151925793437518     
  0.000000000000000E+000   3.00499995549520      -0.158357582316187     
  0.000000000000000E+000   3.30549995104472      -0.161878869517364     
  0.000000000000000E+000   3.60599994659424      -0.163246021118718     
  0.000000000000000E+000   3.90649994214376      -0.161873374989797     
  0.000000000000000E+000   4.20699993769328      -0.158347198134948     
  0.000000000000000E+000   4.50749993324280      -0.151911995625851     
  0.000000000000000E+000   4.80799992879232      -0.145285750839905     
  0.000000000000000E+000   5.10849992434184      -0.139547934957971     
  0.000000000000000E+000   5.40899991989136      -0.134735863505439     
  0.000000000000000E+000   5.70949991544088      -0.130578533678493     
  0.000000000000000E+000   6.00999991099040      -0.126685705799907     
  0.000000000000000E+000   6.31049990653992      -0.122537840997316     
  0.000000000000000E+000   6.61099990208944      -0.117942829060682     
  0.000000000000000E+000   6.91149989763896      -0.114765649003702     
  0.000000000000000E+000   7.21199989318848      -0.111724263536505     
  0.300499995549520       0.000000000000000E+000 -0.114781311921978     
  0.300499995549520       0.300499995549520      -0.117883004690515     
  0.300499995549520       0.600999991099040      -0.124319793002071     
  0.300499995549520       0.901499986648560      -0.131424657731938     
  0.300499995549520        1.20199998219808      -0.137209450264692     
  0.300499995549520        1.50249997774760      -0.142355496356076     
  0.300499995549520        1.80299997329712      -0.147561562917840     
  0.300499995549520        2.10349996884664      -0.153191879938594     
  0.300499995549520        2.40399996439616      -0.159186563639508     
  0.300499995549520        2.70449995994568      -0.164944205590508     
  0.300499995549520        3.00499995549520      -0.169078369917972     
  0.300499995549520        3.30549995104472      -0.169873403723732     
  0.300499995549520        3.60599994659424      -0.169335984573034     
  0.300499995549520        3.90649994214376      -0.169859931019093     
  0.300499995549520        4.20699993769328      -0.169060962750774     
  0.300499995549520        4.50749993324280      -0.164926721454827     
  0.300499995549520        4.80799992879232      -0.159169796099623     
  0.300499995549520        5.10849992434184      -0.153174889411058     
  0.300499995549520        5.40899991989136      -0.147544243929080     
  0.300499995549520        5.70949991544088      -0.142338742248529     
  0.300499995549520        6.00999991099040      -0.137194333614775     
  0.300499995549520        6.31049990653992      -0.131412205720162     
  0.300499995549520        6.61099990208944      -0.124310018695289     
  0.300499995549520        6.91149989763896      -0.117872516254116     
  0.300499995549520        7.21199989318848      -0.114763867517754     
  0.600999991099040       0.000000000000000E+000 -0.117955536505968     
  0.600999991099040       0.300499995549520      -0.124319407060184     
  0.600999991099040       0.600999991099040      -0.132472989272629     
  0.600999991099040       0.901499986648560      -0.140823122118871     
  0.600999991099040        1.20199998219808      -0.148157165616671     
  0.600999991099040        1.50249997774760      -0.154887877761794     
  0.600999991099040        1.80299997329712      -0.161545169224824     
  0.600999991099040        2.10349996884664      -0.168383427625986     
  0.600999991099040        2.40399996439616      -0.175186826429348     
  0.600999991099040        2.70449995994568      -0.180933984124537     
  0.600999991099040        3.00499995549520      -0.184219548516372     
  0.600999991099040        3.30549995104472      -0.184152615977500     
  0.600999991099040        3.60599994659424      -0.183237066837907     
  0.600999991099040        3.90649994214376      -0.184140575630715     
  0.600999991099040        4.20699993769328      -0.184202865751822     
  0.600999991099040        4.50749993324280      -0.180917553468354     
  0.600999991099040        4.80799992879232      -0.175172087210540     
  0.600999991099040        5.10849992434184      -0.168368993226780     
  0.600999991099040        5.40899991989136      -0.161530803058650     
  0.600999991099040        5.70949991544088      -0.154874126009530     
  0.600999991099040        6.00999991099040      -0.148144786133371     
  0.600999991099040        6.31049990653992      -0.140812841377471     
  0.600999991099040        6.61099990208944      -0.132464406583375     
  0.600999991099040        6.91149989763896      -0.124308824387613     
  0.600999991099040        7.21199989318848      -0.117939898570896     
  0.901499986648560       0.000000000000000E+000 -0.122552077692839     
  0.901499986648560       0.300499995549520      -0.131423600659449     
  0.901499986648560       0.600999991099040      -0.140822388104113     
  0.901499986648560       0.901499986648560      -0.150294082068761     
  0.901499986648560        1.20199998219808      -0.159354189017406     
  0.901499986648560        1.50249997774760      -0.168085534314833     
  0.901499986648560        1.80299997329712      -0.176734679821721     
  0.901499986648560        2.10349996884664      -0.185444122907008     
  0.901499986648560        2.40399996439616      -0.193982259234679     
  0.901499986648560        2.70449995994568      -0.201444983500740     
  0.901499986648560        3.00499995549520      -0.206604799762094     
  0.901499986648560        3.30549995104472      -0.208873701367105     
  0.901499986648560        3.60599994659424      -0.209299309253711     
  0.901499986648560        3.90649994214376      -0.208865858031915     
  0.901499986648560        4.20699993769328      -0.206593043221765     
  0.901499986648560        4.50749993324280      -0.201433080625962     
  0.901499986648560        4.80799992879232      -0.193971237457963     
  0.901499986648560        5.10849992434184      -0.185433412372088     
  0.901499986648560        5.40899991989136      -0.176723881542167     
  0.901499986648560        5.70949991544088      -0.168074840239652     
  0.901499986648560        6.00999991099040      -0.159343791893315     
  0.901499986648560        6.31049990653992      -0.150283992279542     
  0.901499986648560        6.61099990208944      -0.140811681172553     
  0.901499986648560        6.91149989763896      -0.131409927585586     
  0.901499986648560        7.21199989318848      -0.122534196387290     
   1.20199998219808       0.000000000000000E+000 -0.126701785260907     
   1.20199998219808       0.300499995549520      -0.137207633665957     
   1.20199998219808       0.600999991099040      -0.148155581553785     
   1.20199998219808       0.901499986648560      -0.159353321481880     
   1.20199998219808        1.20199998219808      -0.170571946771107     
   1.20199998219808        1.50249997774760      -0.181753973282558     
   1.20199998219808        1.80299997329712      -0.192936960819114     
   1.20199998219808        2.10349996884664      -0.204217517410351     
   1.20199998219808        2.40399996439616      -0.215290045023730     
   1.20199998219808        2.70449995994568      -0.225249404398332     
   1.20199998219808        3.00499995549520      -0.233063962259681     
   1.20199998219808        3.30549995104472      -0.237891144388869     
   1.20199998219808        3.60599994659424      -0.239475310238048     
   1.20199998219808        3.90649994214376      -0.237886831808977     
   1.20199998219808        4.20699993769328      -0.233057226916080     
   1.20199998219808        4.50749993324280      -0.225242166925083     
   1.20199998219808        4.80799992879232      -0.215283124581934     
   1.20199998219808        5.10849992434184      -0.204210791965304     
   1.20199998219808        5.40899991989136      -0.192929865507907     
   1.20199998219808        5.70949991544088      -0.181746107169444     
   1.20199998219808        6.00999991099040      -0.170562967050210     
   1.20199998219808        6.31049990653992      -0.159342757724047     
   1.20199998219808        6.61099990208944      -0.148142600148527     
   1.20199998219808        6.91149989763896      -0.137191111773832     
   1.20199998219808        7.21199989318848      -0.126681300730993     
   1.50249997774760       0.000000000000000E+000 -0.130595406711619     
   1.50249997774760       0.300499995549520      -0.142353008327698     
   1.50249997774760       0.600999991099040      -0.154885656184905     
   1.50249997774760       0.901499986648560      -0.168084135827958     
   1.50249997774760        1.20199998219808      -0.181753558187365     
   1.50249997774760        1.50249997774760      -0.195704378775591     
   1.50249997774760        1.80299997329712      -0.209877173102594     
   1.50249997774760        2.10349996884664      -0.224268894932749     
   1.50249997774760        2.40399996439616      -0.238264802002630     
   1.50249997774760        2.70449995994568      -0.250927495718077     
   1.50249997774760        3.00499995549520      -0.261127245582148     
   1.50249997774760        3.30549995104472      -0.267761958932474     
   1.50249997774760        3.60599994659424      -0.270061139016412     
   1.50249997774760        3.90649994214376      -0.267759805026019     
   1.50249997774760        4.20699993769328      -0.261123865681215     
   1.50249997774760        4.50749993324280      -0.250923913442321     
   1.50249997774760        4.80799992879232      -0.238261532518992     
   1.50249997774760        5.10849992434184      -0.224265722065108     
   1.50249997774760        5.40899991989136      -0.209873321336883     
   1.50249997774760        5.70949991544088      -0.195698914141164     
   1.50249997774760        6.00999991099040      -0.181745709452929     
   1.50249997774760        6.31049990653992      -0.168073288328067     
   1.50249997774760        6.61099990208944      -0.154871321111040     
   1.50249997774760        6.91149989763896      -0.142334840564817     
   1.50249997774760        7.21199989318848      -0.130573497786355     
   1.80299997329712       0.000000000000000E+000 -0.134752272747972     
   1.80299997329712       0.300499995549520      -0.147558582443257     
   1.80299997329712       0.600999991099040      -0.161542730002479     
   1.80299997329712       0.901499986648560      -0.176733474856407     
   1.80299997329712        1.20199998219808      -0.192937155438390     
   1.80299997329712        1.50249997774760      -0.209878032520401     
   1.80299997329712        1.80299997329712      -0.227373568969732     
   1.80299997329712        2.10349996884664      -0.244939396596912     
   1.80299997329712        2.40399996439616      -0.261830956344914     
   1.80299997329712        2.70449995994568      -0.277039382377146     
   1.80299997329712        3.00499995549520      -0.289309383157953     
   1.80299997329712        3.30549995104472      -0.297338831708323     
   1.80299997329712        3.60599994659424      -0.300137302678418     
   1.80299997329712        3.90649994214376      -0.297337964200126     
   1.80299997329712        4.20699993769328      -0.289308138520572     
   1.80299997329712        4.50749993324280      -0.277038410616266     
   1.80299997329712        4.80799992879232      -0.261830442977335     
   1.80299997329712        5.10849992434184      -0.244938869265275     
   1.80299997329712        5.40899991989136      -0.227372029970510     
   1.80299997329712        5.70949991544088      -0.209874287381409     
   1.80299997329712        6.00999991099040      -0.192930183052657     
   1.80299997329712        6.31049990653992      -0.176722640107857     
   1.80299997329712        6.61099990208944      -0.161527908130382     
   1.80299997329712        6.91149989763896      -0.147540009565703     
   1.80299997329712        7.21199989318848      -0.134730493099603     
   2.10349996884664       0.000000000000000E+000 -0.139562606098679     
   2.10349996884664       0.300499995549520      -0.153188499873616     
   2.10349996884664       0.600999991099040      -0.168381156317311     
   2.10349996884664       0.901499986648560      -0.185443949984119     
   2.10349996884664        1.20199998219808      -0.204219529809027     
   2.10349996884664        1.50249997774760      -0.224272096852413     
   2.10349996884664        1.80299997329712      -0.244941994389109     
   2.10349996884664        2.10349996884664      -0.265448275703566     
   2.10349996884664        2.40399996439616      -0.284905075142021     
   2.10349996884664        2.70449995994568      -0.302236195611318     
   2.10349996884664        3.00499995549520      -0.316124378995665     
   2.10349996884664        3.30549995104472      -0.325177092730300     
   2.10349996884664        3.60599994659424      -0.328325477712860     
   2.10349996884664        3.90649994214376      -0.325176934686770     
   2.10349996884664        4.20699993769328      -0.316124435426554     
   2.10349996884664        4.50749993324280      -0.302236759666256     
   2.10349996884664        4.80799992879232      -0.284906095474522     
   2.10349996884664        5.10849992434184      -0.265449149429907     
   2.10349996884664        5.40899991989136      -0.244941617369114     
   2.10349996884664        5.70949991544088      -0.224269192478381     
   2.10349996884664        6.00999991099040      -0.204213091685335     
   2.10349996884664        6.31049990653992      -0.185433387281585     
   2.10349996884664        6.61099990208944      -0.168366488398412     
   2.10349996884664        6.91149989763896      -0.153170550969722     
   2.10349996884664        7.21199989318848      -0.139542445620267     
   2.40399996439616       0.000000000000000E+000 -0.145297587995488     
   2.40399996439616       0.300499995549520      -0.159182356530609     
   2.40399996439616       0.600999991099040      -0.175184561486913     
   2.40399996439616       0.901499986648560      -0.193983384547615     
   2.40399996439616        1.20199998219808      -0.215294642042796     
   2.40399996439616        1.50249997774760      -0.238271525296025     
   2.40399996439616        1.80299997329712      -0.261837552990835     
   2.40399996439616        2.10349996884664      -0.284909201786275     
   2.40399996439616        2.40399996439616      -0.306445634979981     
   2.40399996439616        2.70449995994568      -0.325340615167780     
   2.40399996439616        3.00499995549520      -0.340311905406113     
   2.40399996439616        3.30549995104472      -0.349998902863679     
   2.40399996439616        3.60599994659424      -0.353354178982207     
   2.40399996439616        3.90649994214376      -0.349999139467639     
   2.40399996439616        4.20699993769328      -0.340312447597143     
   2.40399996439616        4.50749993324280      -0.325341717465783     
   2.40399996439616        4.80799992879232      -0.306447102849061     
   2.40399996439616        5.10849992434184      -0.284910342434441     
   2.40399996439616        5.40899991989136      -0.261837308211471     
   2.40399996439616        5.70949991544088      -0.238268663478361     
   2.40399996439616        6.00999991099040      -0.215288192608107     
   2.40399996439616        6.31049990653992      -0.193972745778841     
   2.40399996439616        6.61099990208944      -0.175169903506969     
   2.40399996439616        6.91149989763896      -0.159165052927467     
   2.40399996439616        7.21199989318848      -0.145280034978208     
   2.70449995994568       0.000000000000000E+000 -0.151920223639217     
   2.70449995994568       0.300499995549520      -0.164938031961626     
   2.70449995994568       0.600999991099040      -0.180930446617548     
   2.70449995994568       0.901499986648560      -0.201446828883165     
   2.70449995994568        1.20199998219808      -0.225256710130468     
   2.70449995994568        1.50249997774760      -0.250938224194355     
   2.70449995994568        1.80299997329712      -0.277050581325317     
   2.70449995994568        2.10349996884664      -0.302245043045750     
   2.70449995994568        2.40399996439616      -0.325345277603312     
   2.70449995994568        2.70449995994568      -0.345250112733447     
   2.70449995994568        3.00499995549520      -0.360806565847155     
   2.70449995994568        3.30549995104472      -0.370807427360767     
   2.70449995994568        3.60599994659424      -0.374267370703702     
   2.70449995994568        3.90649994214376      -0.370807674173933     
   2.70449995994568        4.20699993769328      -0.360807137106834     
   2.70449995994568        4.50749993324280      -0.345251119158592     
   2.70449995994568        4.80799992879232      -0.325346469852724     
   2.70449995994568        5.10849992434184      -0.302245825379319     
   2.70449995994568        5.40899991989136      -0.277049986343407     
   2.70449995994568        5.70949991544088      -0.250935172360581     
   2.70449995994568        6.00999991099040      -0.225250108711604     
   2.70449995994568        6.31049990653992      -0.201435569132460     
   2.70449995994568        6.61099990208944      -0.180914456079635     
   2.70449995994568        6.91149989763896      -0.164920474627518     
   2.70449995994568        7.21199989318848      -0.151905559483735     
   3.00499995549520       0.000000000000000E+000 -0.158349862522093     
   3.00499995549520       0.300499995549520      -0.169068747080081     
   3.00499995549520       0.600999991099040      -0.184212984111657     
   3.00499995549520       0.901499986648560      -0.206606007974959     
   3.00499995549520        1.20199998219808      -0.233073306506200     
   3.00499995549520        1.50249997774760      -0.261141566552113     
   3.00499995549520        1.80299997329712      -0.289324786713582     
   3.00499995549520        2.10349996884664      -0.316137481080616     
   3.00499995549520        2.40399996439616      -0.340320656943489     
   3.00499995549520        2.70449995994568      -0.360810525819891     
   3.00499995549520        3.00499995549520      -0.376646532913796     
   3.00499995549520        3.30549995104472      -0.386834908136826     
   3.00499995549520        3.60599994659424      -0.390385991162602     
   3.00499995549520        3.90649994214376      -0.386835036610379     
   3.00499995549520        4.20699993769328      -0.376646905489754     
   3.00499995549520        4.50749993324280      -0.360811149901471     
   3.00499995549520        4.80799992879232      -0.340321309308142     
   3.00499995549520        5.10849992434184      -0.316137767646639     
   3.00499995549520        5.40899991989136      -0.289323970314524     
   3.00499995549520        5.70949991544088      -0.261138817499767     
   3.00499995549520        6.00999991099040      -0.233067335786883     
   3.00499995549520        6.31049990653992      -0.206595111552944     
   3.00499995549520        6.61099990208944      -0.184197053643504     
   3.00499995549520        6.91149989763896      -0.169051663262591     
   3.00499995549520        7.21199989318848      -0.158339300469756     
   3.30549995104472       0.000000000000000E+000 -0.161868688828199     
   3.30549995104472       0.300499995549520      -0.169859495775359     
   3.30549995104472       0.600999991099040      -0.184141869523930     
   3.30549995104472       0.901499986648560      -0.208873307286640     
   3.30549995104472        1.20199998219808      -0.237901424449260     
   3.30549995104472        1.50249997774760      -0.267778698890072     
   3.30549995104472        1.80299997329712      -0.297357147754661     
   3.30549995104472        2.10349996884664      -0.325193107785748     
   3.30549995104472        2.40399996439616      -0.350010379353133     
   3.30549995104472        2.70449995994568      -0.370813938744971     
   3.30549995104472        3.00499995549520      -0.386837383928289     
   3.30549995104472        3.30549995104472      -0.397262262012833     
   3.30549995104472        3.60599994659424      -0.400961954932817     
   3.30549995104472        3.90649994214376      -0.397262378012331     
   3.30549995104472        4.20699993769328      -0.386837587906252     
   3.30549995104472        4.50749993324280      -0.370814227827491     
   3.30549995104472        4.80799992879232      -0.350010737136112     
   3.30549995104472        5.10849992434184      -0.325193227052786     
   3.30549995104472        5.40899991989136      -0.297356730786255     
   3.30549995104472        5.70949991544088      -0.267777213340176     
   3.30549995104472        6.00999991099040      -0.237897916716636     
   3.30549995104472        6.31049990653992      -0.208866433028439     
   3.30549995104472        6.61099990208944      -0.184130830707344     
   3.30549995104472        6.91149989763896      -0.169846703214723     
   3.30549995104472        7.21199989318848      -0.161863747916208     
   3.60599994659424       0.000000000000000E+000 -0.163235131238520     
   3.60599994659424       0.300499995549520      -0.169320033241905     
   3.60599994659424       0.600999991099040      -0.183224152827640     
   3.60599994659424       0.901499986648560      -0.209298020704513     
   3.60599994659424        1.20199998219808      -0.239485804019911     
   3.60599994659424        1.50249997774760      -0.270078727014156     
   3.60599994659424        1.80299997329712      -0.300156662130333     
   3.60599994659424        2.10349996884664      -0.328342528103754     
   3.60599994659424        2.40399996439616      -0.353366606329706     
   3.60599994659424        2.70449995994568      -0.374274751817233     
   3.60599994659424        3.00499995549520      -0.390389293223062     
   3.60599994659424        3.30549995104472      -0.400962770357865     
   3.60599994659424        3.60599994659424      -0.404762122405560     
   3.60599994659424        3.90649994214376      -0.400962737449183     
   3.60599994659424        4.20699993769328      -0.390389316378399     
   3.60599994659424        4.50749993324280      -0.374274762027498     
   3.60599994659424        4.80799992879232      -0.353366731846957     
   3.60599994659424        5.10849992434184      -0.328342805185775     
   3.60599994659424        5.40899991989136      -0.300157120540932     
   3.60599994659424        5.70949991544088      -0.270079375630865     
   3.60599994659424        6.00999991099040      -0.239486578348952     
   3.60599994659424        6.31049990653992      -0.209298892281395     
   3.60599994659424        6.61099990208944      -0.183224994985944     
   3.60599994659424        6.91149989763896      -0.169320626659724     
   3.60599994659424        7.21199989318848      -0.163236122266899     
   3.90649994214376       0.000000000000000E+000 -0.161863043021408     
   3.90649994214376       0.300499995549520      -0.169846009242520     
   3.90649994214376       0.600999991099040      -0.184129854129378     
   3.90649994214376       0.901499986648560      -0.208865493748818     
   3.90649994214376        1.20199998219808      -0.237897140567539     
   3.90649994214376        1.50249997774760      -0.267776569379328     
   3.90649994214376        1.80299997329712      -0.297356300302432     
   3.90649994214376        2.10349996884664      -0.325192963680584     
   3.90649994214376        2.40399996439616      -0.350010623656014     
   3.90649994214376        2.70449995994568      -0.370814189109954     
   3.90649994214376        3.00499995549520      -0.386837515022127     
   3.90649994214376        3.30549995104472      -0.397262382162858     
   3.90649994214376        3.60599994659424      -0.400961927738474     
   3.90649994214376        3.90649994214376      -0.397262384323349     
   3.90649994214376        4.20699993769328      -0.386837460227663     
   3.90649994214376        4.50749993324280      -0.370814041616092     
   3.90649994214376        4.80799992879232      -0.350010613137922     
   3.90649994214376        5.10849992434184      -0.325193444651088     
   3.90649994214376        5.40899991989136      -0.297357616787451     
   3.90649994214376        5.70949991544088      -0.267779332323304     
   3.90649994214376        6.00999991099040      -0.237902096803792     
   3.90649994214376        6.31049990653992      -0.208873979740384     
   3.90649994214376        6.61099990208944      -0.184142356891557     
   3.90649994214376        6.91149989763896      -0.169859693495303     
   3.90649994214376        7.21199989318848      -0.161869028426458     
   4.20699993769328       0.000000000000000E+000 -0.158339213309959     
   4.20699993769328       0.300499995549520      -0.169051240951700     
   4.20699993769328       0.600999991099040      -0.184196296298984     
   4.20699993769328       0.901499986648560      -0.206594279789175     
   4.20699993769328        1.20199998219808      -0.233066604918627     
   4.20699993769328        1.50249997774760      -0.261138217800080     
   4.20699993769328        1.80299997329712      -0.289323566337016     
   4.20699993769328        2.10349996884664      -0.316137551952428     
   4.20699993769328        2.40399996439616      -0.340321205057473     
   4.20699993769328        2.70449995994568      -0.360811099906464     
   4.20699993769328        3.00499995549520      -0.376646912044872     
   4.20699993769328        3.30549995104472      -0.386835126730183     
   4.20699993769328        3.60599994659424      -0.390386035713191     
   4.20699993769328        3.90649994214376      -0.386835002150142     
   4.20699993769328        4.20699993769328      -0.376646631501083     
   4.20699993769328        4.50749993324280      -0.360810685794917     
   4.20699993769328        4.80799992879232      -0.340320880161548     
   4.20699993769328        5.10849992434184      -0.316137858739909     
   4.20699993769328        5.40899991989136      -0.289325265112618     
   4.20699993769328        5.70949991544088      -0.261142152016781     
   4.20699993769328        6.00999991099040      -0.233073881846594     
   4.20699993769328        6.31049990653992      -0.206606468568166     
   4.20699993769328        6.61099990208944      -0.184213175971528     
   4.20699993769328        6.91149989763896      -0.169068596019572     
   4.20699993769328        7.21199989318848      -0.158349516007893     
   4.50749993324280       0.000000000000000E+000 -0.151906177602428     
   4.50749993324280       0.300499995549520      -0.164920415755453     
   4.50749993324280       0.600999991099040      -0.180913973634593     
   4.50749993324280       0.901499986648560      -0.201434927083143     
   4.50749993324280        1.20199998219808      -0.225249486453387     
   4.50749993324280        1.50249997774760      -0.250934655433365     
   4.50749993324280        1.80299997329712      -0.277049615019282     
   4.50749993324280        2.10349996884664      -0.302245602701770     
   4.50749993324280        2.40399996439616      -0.325346370999347     
   4.50749993324280        2.70449995994568      -0.345251116395990     
   4.50749993324280        3.00499995549520      -0.360807204286129     
   4.50749993324280        3.30549995104472      -0.370807753178618     
   4.50749993324280        3.60599994659424      -0.374267435372170     
   4.50749993324280        3.90649994214376      -0.370807583835451     
   4.50749993324280        4.20699993769328      -0.360806761099370     
   4.50749993324280        4.50749993324280      -0.345250397734312     
   4.50749993324280        4.80799992879232      -0.325345643868120     
   4.50749993324280        5.10849992434184      -0.302245438172948     
   4.50749993324280        5.40899991989136      -0.277051078648237     
   4.50749993324280        5.70949991544088      -0.250938738022307     
   4.50749993324280        6.00999991099040      -0.225257187498791     
   4.50749993324280        6.31049990653992      -0.201447162304032     
   4.50749993324280        6.61099990208944      -0.180930453669044     
   4.50749993324280        6.91149989763896      -0.164937595058643     
   4.50749993324280        7.21199989318848      -0.151919200717571     
   4.80799992879232       0.000000000000000E+000 -0.145281395611110     
   4.80799992879232       0.300499995549520      -0.159165463584940     
   4.80799992879232       0.600999991099040      -0.175169754205182     
   4.80799992879232       0.901499986648560      -0.193972328070646     
   4.80799992879232        1.20199998219808      -0.215287699709091     
   4.80799992879232        1.50249997774760      -0.238268232541205     
   4.80799992879232        1.80299997329712      -0.261837007968898     
   4.80799992879232        2.10349996884664      -0.284910184399755     
   4.80799992879232        2.40399996439616      -0.306447070927705     
   4.80799992879232        2.70449995994568      -0.325341798732587     
   4.80799992879232        3.00499995549520      -0.340312587771424     
   4.80799992879232        3.30549995104472      -0.349999334567142     
   4.80799992879232        3.60599994659424      -0.353354412358964     
   4.80799992879232        3.90649994214376      -0.349999246295039     
   4.80799992879232        4.20699993769328      -0.340312217034278     
   4.80799992879232        4.50749993324280      -0.325341031092582     
   4.80799992879232        4.80799992879232      -0.306446050505849     
   4.80799992879232        5.10849992434184      -0.284909657281116     
   4.80799992879232        5.40899991989136      -0.261838031795113     
   4.80799992879232        5.70949991544088      -0.238271956670308     
   4.80799992879232        6.00999991099040      -0.215294994105681     
   4.80799992879232        6.31049990653992      -0.193983514550112     
   4.80799992879232        6.61099990208944      -0.175184315224925     
   4.80799992879232        6.91149989763896      -0.159181519506156     
   4.80799992879232        7.21199989318848      -0.145295841547503     
   5.10849992434184       0.000000000000000E+000 -0.139544450238378     
   5.10849992434184       0.300499995549520      -0.153171389236599     
   5.10849992434184       0.600999991099040      -0.168366628055015     
   5.10849992434184       0.901499986648560      -0.185433166592922     
   5.10849992434184        1.20199998219808      -0.204212740102864     
   5.10849992434184        1.50249997774760      -0.224268856972996     
   5.10849992434184        1.80299997329712      -0.244941393478719     
   5.10849992434184        2.10349996884664      -0.265449077125358     
   5.10849992434184        2.40399996439616      -0.284906163965779     
   5.10849992434184        2.70449995994568      -0.302236971148585     
   5.10849992434184        3.00499995549520      -0.316124723532996     
   5.10849992434184        3.30549995104472      -0.325177339278720     
   5.10849992434184        3.60599994659424      -0.328325934920999     
   5.10849992434184        3.90649994214376      -0.325177613366620     
   5.10849992434184        4.20699993769328      -0.316124913470182     
   5.10849992434184        4.50749993324280      -0.302236700829537     
   5.10849992434184        4.80799992879232      -0.284905585757168     
   5.10849992434184        5.10849992434184      -0.265448773903480     
   5.10849992434184        5.40899991989136      -0.244942466167831     
   5.10849992434184        5.70949991544088      -0.224272458734478     
   5.10849992434184        6.00999991099040      -0.204219726025305     
   5.10849992434184        6.31049990653992      -0.185443861300415     
   5.10849992434184        6.61099990208944      -0.168380587199932     
   5.10849992434184        6.91149989763896      -0.153187200196150     
   5.10849992434184        7.21199989318848      -0.139560140460787     
   5.40899991989136       0.000000000000000E+000 -0.134732938888028     
   5.40899991989136       0.300499995549520      -0.147541159110283     
   5.40899991989136       0.600999991099040      -0.161528265161808     
   5.40899991989136       0.901499986648560      -0.176722575895045     
   5.40899991989136        1.20199998219808      -0.192929955268939     
   5.40899991989136        1.50249997774760      -0.209874076080542     
   5.40899991989136        1.80299997329712      -0.227371925429373     
   5.40899991989136        2.10349996884664      -0.244938926928704     
   5.40899991989136        2.40399996439616      -0.261830655700408     
   5.40899991989136        2.70449995994568      -0.277038798688266     
   5.40899991989136        3.00499995549520      -0.289308668767168     
   5.40899991989136        3.30549995104472      -0.297338611468281     
   5.40899991989136        3.60599994659424      -0.300138029371739     
   5.40899991989136        3.90649994214376      -0.297339573460568     
   5.40899991989136        4.20699993769328      -0.289310098518925     
   5.40899991989136        4.50749993324280      -0.277040057421343     
   5.40899991989136        4.80799992879232      -0.261831547478253     
   5.40899991989136        5.10849992434184      -0.244939920428146     
   5.40899991989136        5.40899991989136      -0.227373974562158     
   5.40899991989136        5.70949991544088      -0.209878260091701     
   5.40899991989136        6.00999991099040      -0.192937170597864     
   5.40899991989136        6.31049990653992      -0.176733154243353     
   5.40899991989136        6.61099990208944      -0.161541868257205     
   5.40899991989136        6.91149989763896      -0.147556864408246     
   5.40899991989136        7.21199989318848      -0.134749240582098     
   5.70949991544088       0.000000000000000E+000 -0.130576151737471     
   5.70949991544088       0.300499995549520      -0.142336165481773     
   5.70949991544088       0.600999991099040      -0.154871812713669     
   5.70949991544088       0.901499986648560      -0.168073337109607     
   5.70949991544088        1.20199998219808      -0.181745572347999     
   5.70949991544088        1.50249997774760      -0.195698789944000     
   5.70949991544088        1.80299997329712      -0.209873315571507     
   5.70949991544088        2.10349996884664      -0.224265903586400     
   5.70949991544088        2.40399996439616      -0.238261905305387     
   5.70949991544088        2.70449995994568      -0.250924494803778     
   5.70949991544088        3.00499995549520      -0.261124660933473     
   5.70949991544088        3.30549995104472      -0.267760757727758     
   5.70949991544088        3.60599994659424      -0.270062163098933     
   5.70949991544088        3.90649994214376      -0.267762971449045     
   5.70949991544088        4.20699993769328      -0.261128159590323     
   5.70949991544088        4.50749993324280      -0.250928260113905     
   5.70949991544088        4.80799992879232      -0.238265403688325     
   5.70949991544088        5.10849992434184      -0.224269358708921     
   5.70949991544088        5.40899991989136      -0.209877448391552     
   5.70949991544088        5.70949991544088      -0.195704475661742     
   5.70949991544088        6.00999991099040      -0.181753394930979     
   5.70949991544088        6.31049990653992      -0.168083597588219     
   5.70949991544088        6.61099990208944      -0.154884547822840     
   5.70949991544088        6.91149989763896      -0.142351000913012     
   5.70949991544088        7.21199989318848      -0.130592042278002     
   6.00999991099040       0.000000000000000E+000 -0.126683908811468     
   6.00999991099040       0.300499995549520      -0.137192444937166     
   6.00999991099040       0.600999991099040      -0.148143125977446     
   6.00999991099040       0.901499986648560      -0.159342829517437     
   6.00999991099040        1.20199998219808      -0.170562853913003     
   6.00999991099040        1.50249997774760      -0.181746009626639     
   6.00999991099040        1.80299997329712      -0.192929897588311     
   6.00999991099040        2.10349996884664      -0.204211028871334     
   6.00999991099040        2.40399996439616      -0.215283609428173     
   6.00999991099040        2.70449995994568      -0.225242914958135     
   6.00999991099040        3.00499995549520      -0.233058236015275     
   6.00999991099040        3.30549995104472      -0.237888035813429     
   6.00999991099040        3.60599994659424      -0.239476610025711     
   6.00999991099040        3.90649994214376      -0.237892341899706     
   6.00999991099040        4.20699993769328      -0.233064977679116     
   6.00999991099040        4.50749993324280      -0.225250210657336     
   6.00999991099040        4.80799992879232      -0.215290625634921     
   6.00999991099040        5.10849992434184      -0.204217865536122     
   6.00999991099040        5.40899991989136      -0.192937072420186     
   6.00999991099040        5.70949991544088      -0.181753847823414     
   6.00999991099040        6.00999991099040      -0.170571540346344     
   6.00999991099040        6.31049990653992      -0.159352544085299     
   6.00999991099040        6.61099990208944      -0.148154246652603     
   6.00999991099040        6.91149989763896      -0.137205432592295     
   6.00999991099040        7.21199989318848      -0.126698290569395     
   6.31049990653992       0.000000000000000E+000 -0.122536545050853     
   6.31049990653992       0.300499995549520      -0.131411116617722     
   6.31049990653992       0.600999991099040      -0.140812072462503     
   6.31049990653992       0.901499986648560      -0.150283928980645     
   6.31049990653992        1.20199998219808      -0.159343539591904     
   6.31049990653992        1.50249997774760      -0.168074604343889     
   6.31049990653992        1.80299997329712      -0.176723801617914     
   6.31049990653992        2.10349996884664      -0.185433575381719     
   6.31049990653992        2.40399996439616      -0.193971707519475     
   6.31049990653992        2.70449995994568      -0.201433911460531     
   6.31049990653992        3.00499995549520      -0.206594240937613     
   6.31049990653992        3.30549995104472      -0.208867361303413     
   6.31049990653992        3.60599994659424      -0.209300877959890     
   6.31049990653992        3.90649994214376      -0.208875070228811     
   6.31049990653992        4.20699993769328      -0.206605834847164     
   6.31049990653992        4.50749993324280      -0.201445727422142     
   6.31049990653992        4.80799992879232      -0.193982673480668     
   6.31049990653992        5.10849992434184      -0.185444236646581     
   6.31049990653992        5.40899991989136      -0.176734490373674     
   6.31049990653992        5.70949991544088      -0.168085049305024     
   6.31049990653992        6.00999991099040      -0.159353416875067     
   6.31049990653992        6.31049990653992      -0.150292969092800     
   6.31049990653992        6.61099990208944      -0.140820803609556     
   6.31049990653992        6.91149989763896      -0.131421276442689     
   6.31049990653992        7.21199989318848      -0.122548592064443     
   6.61099990208944       0.000000000000000E+000 -0.117941783310179     
   6.61099990208944       0.300499995549520      -0.124309693727792     
   6.61099990208944       0.600999991099040      -0.132464454650172     
   6.61099990208944       0.901499986648560      -0.140812415717571     
   6.61099990208944        1.20199998219808      -0.148144152356033     
   6.61099990208944        1.50249997774760      -0.154873513978580     
   6.61099990208944        1.80299997329712      -0.161530368510954     
   6.61099990208944        2.10349996884664      -0.168368860967338     
   6.61099990208944        2.40399996439616      -0.175172348377774     
   6.61099990208944        2.70449995994568      -0.180918280792978     
   6.61099990208944        3.00499995549520      -0.184204065555105     
   6.61099990208944        3.30549995104472      -0.184142227062411     
   6.61099990208944        3.60599994659424      -0.183238737625006     
   6.61099990208944        3.90649994214376      -0.184153921628610     
   6.61099990208944        4.20699993769328      -0.184220413113851     
   6.61099990208944        4.50749993324280      -0.180934470442563     
   6.61099990208944        4.80799992879232      -0.175186909584931     
   6.61099990208944        5.10849992434184      -0.168383105808929     
   6.61099990208944        5.40899991989136      -0.161544457566604     
   6.61099990208944        5.70949991544088      -0.154886822998388     
   6.61099990208944        6.00999991099040      -0.148155815766679     
   6.61099990208944        6.31049990653992      -0.140821492071961     
   6.61099990208944        6.61099990208944      -0.132471035018582     
   6.61099990208944        6.91149989763896      -0.124316879556961     
   6.61099990208944        7.21199989318848      -0.117952023455945     
   6.91149989763896       0.000000000000000E+000 -0.114764936027262     
   6.91149989763896       0.300499995549520      -0.117872692870830     
   6.91149989763896       0.600999991099040      -0.124309370055412     
   6.91149989763896       0.901499986648560      -0.131411079934523     
   6.91149989763896        1.20199998219808      -0.137192973793254     
   6.91149989763896        1.50249997774760      -0.142337368964358     
   6.91149989763896        1.80299997329712      -0.147543082658246     
   6.91149989763896        2.10349996884664      -0.153174118504949     
   6.91149989763896        2.40399996439616      -0.159169547077554     
   6.91149989763896        2.70449995994568      -0.164927068427920     
   6.91149989763896        3.00499995549520      -0.169061863854293     
   6.91149989763896        3.30549995104472      -0.169861329064540     
   6.91149989763896        3.60599994659424      -0.169337423684531     
   6.91149989763896        3.90649994214376      -0.169874443786968     
   6.91149989763896        4.20699993769328      -0.169078933090134     
   6.91149989763896        4.50749993324280      -0.164944287194247     
   6.91149989763896        4.80799992879232      -0.159186082635894     
   6.91149989763896        5.10849992434184      -0.153190852193031     
   6.91149989763896        5.40899991989136      -0.147560008663947     
   6.91149989763896        5.70949991544088      -0.142353546149544     
   6.91149989763896        6.00999991099040      -0.137207214599289     
   6.91149989763896        6.31049990653992      -0.131422212690320     
   6.91149989763896        6.61099990208944      -0.124317099637434     
   6.91149989763896        6.91149989763896      -0.117879768179447     
   6.91149989763896        7.21199989318848      -0.114777418206967     
   7.21199989318848       0.000000000000000E+000 -0.111724412218495     
   7.21199989318848       0.300499995549520      -0.114764890587684     
   7.21199989318848       0.600999991099040      -0.117941179632858     
   7.21199989318848       0.901499986648560      -0.122535610238566     
   7.21199989318848        1.20199998219808      -0.126683136467153     
   7.21199989318848        1.50249997774760      -0.130575893011770     
   7.21199989318848        1.80299997329712      -0.134733457546645     
   7.21199989318848        2.10349996884664      -0.139546035409123     
   7.21199989318848        2.40399996439616      -0.145284576408011     
   7.21199989318848        2.70449995994568      -0.151911667400285     
   7.21199989318848        3.00499995549520      -0.158347724869924     
   7.21199989318848        3.30549995104472      -0.161874697765380     
   7.21199989318848        3.60599994659424      -0.163247790451926     
   7.21199989318848        3.90649994214376      -0.161879986535654     
   7.21199989318848        4.20699993769328      -0.158357935212145     
   7.21199989318848        4.50749993324280      -0.151925291611358     
   7.21199989318848        4.80799992879232      -0.145300370269841     
   7.21199989318848        5.10849992434184      -0.139563759443764     
   7.21199989318848        5.40899991989136      -0.134752231200777     
   7.21199989318848        5.70949991544088      -0.130594411405284     
   7.21199989318848        6.00999991099040      -0.126699989349343     
   7.21199989318848        6.31049990653992      -0.122549683761015     
   7.21199989318848        6.61099990208944      -0.117952766537282     
   7.21199989318848        6.91149989763896      -0.114777978010596     
   7.21199989318848        7.21199989318848      -0.111740741574320     
