  0.000000000000000E+000  0.000000000000000E+000 -0.273995408296902     
  0.000000000000000E+000  0.300499995549520      -0.272092235529709     
  0.000000000000000E+000  0.600999991099040      -0.275784107043360     
  0.000000000000000E+000  0.901499986648560      -0.288234158028890     
  0.000000000000000E+000   1.20199998219808      -0.297840357784211     
  0.000000000000000E+000   1.50249997774760      -0.301513569786065     
  0.000000000000000E+000   1.80299997329712      -0.299294638227132     
  0.000000000000000E+000   2.10349996884664      -0.292314590867096     
  0.000000000000000E+000   2.40399996439616      -0.282113145334305     
  0.000000000000000E+000   2.70449995994568      -0.269744353078388     
  0.000000000000000E+000   3.00499995549520      -0.257704522828345     
  0.000000000000000E+000   3.30549995104472      -0.252308720819859     
  0.000000000000000E+000   3.60599994659424      -0.244861315842815     
  0.000000000000000E+000   3.90649994214376      -0.222434209816825     
  0.000000000000000E+000   4.20699993769328      -0.198214374017391     
  0.000000000000000E+000   4.50749993324280      -0.172205470746917     
  0.000000000000000E+000   4.80799992879232      -0.150484165635651     
  0.000000000000000E+000   5.10849992434184      -0.134007557036564     
  0.000000000000000E+000   5.40899991989136      -0.122259681273445     
  0.000000000000000E+000   5.70949991544088      -0.114478919348331     
  0.000000000000000E+000   6.00999991099040      -0.109255975625383     
  0.000000000000000E+000   6.31049990653992      -0.104559259593064     
  0.000000000000000E+000   6.61099990208944      -9.870592802077295E-002
  0.000000000000000E+000   6.91149989763896      -9.436605283976372E-002
  0.000000000000000E+000   7.21199989318848      -9.084417862726991E-002
  0.300499995549520       0.000000000000000E+000 -0.272088184412334     
  0.300499995549520       0.300499995549520      -0.266837311602575     
  0.300499995549520       0.600999991099040      -0.290760109369778     
  0.300499995549520       0.901499986648560      -0.320086572946848     
  0.300499995549520        1.20199998219808      -0.337089089766907     
  0.300499995549520        1.50249997774760      -0.342893832770627     
  0.300499995549520        1.80299997329712      -0.340344132646753     
  0.300499995549520        2.10349996884664      -0.331328526270315     
  0.300499995549520        2.40399996439616      -0.318855264351690     
  0.300499995549520        2.70449995994568      -0.303334693634482     
  0.300499995549520        3.00499995549520      -0.283943262004523     
  0.300499995549520        3.30549995104472      -0.267738142449874     
  0.300499995549520        3.60599994659424      -0.256684057879610     
  0.300499995549520        3.90649994214376      -0.235759987271464     
  0.300499995549520        4.20699993769328      -0.208722876324981     
  0.300499995549520        4.50749993324280      -0.181843677627884     
  0.300499995549520        4.80799992879232      -0.159482413430330     
  0.300499995549520        5.10849992434184      -0.142114585955879     
  0.300499995549520        5.40899991989136      -0.129234426190657     
  0.300499995549520        5.70949991544088      -0.120132817950938     
  0.300499995549520        6.00999991099040      -0.113357950207360     
  0.300499995549520        6.31049990653992      -0.107025292548843     
  0.300499995549520        6.61099990208944      -9.972832987897770E-002
  0.300499995549520        6.91149989763896      -9.436801776639370E-002
  0.300499995549520        7.21199989318848      -9.066018031761042E-002
  0.600999991099040       0.000000000000000E+000 -0.275779747098171     
  0.600999991099040       0.300499995549520      -0.290758718897712     
  0.600999991099040       0.600999991099040      -0.323189289870432     
  0.600999991099040       0.901499986648560      -0.356138278045198     
  0.600999991099040        1.20199998219808      -0.376120714321210     
  0.600999991099040        1.50249997774760      -0.383336440777531     
  0.600999991099040        1.80299997329712      -0.380438755148916     
  0.600999991099040        2.10349996884664      -0.369840516434671     
  0.600999991099040        2.40399996439616      -0.355314092313693     
  0.600999991099040        2.70449995994568      -0.339112945840872     
  0.600999991099040        3.00499995549520      -0.316296272507110     
  0.600999991099040        3.30549995104472      -0.291046664982075     
  0.600999991099040        3.60599994659424      -0.267143703981868     
  0.600999991099040        3.90649994214376      -0.241714009229372     
  0.600999991099040        4.20699993769328      -0.214032963682495     
  0.600999991099040        4.50749993324280      -0.187890202898238     
  0.600999991099040        4.80799992879232      -0.166311424490577     
  0.600999991099040        5.10849992434184      -0.148833168594605     
  0.600999991099040        5.40899991989136      -0.135287507981957     
  0.600999991099040        5.70949991544088      -0.125107291564047     
  0.600999991099040        6.00999991099040      -0.117079239438881     
  0.600999991099040        6.31049990653992      -0.109877400667261     
  0.600999991099040        6.61099990208944      -0.102781310463106     
  0.600999991099040        6.91149989763896      -9.637415237343591E-002
  0.600999991099040        7.21199989318848      -8.934519058920690E-002
  0.901499986648560       0.000000000000000E+000 -0.288231591352299     
  0.901499986648560       0.300499995549520      -0.320086252296873     
  0.901499986648560       0.600999991099040      -0.356139412835254     
  0.901499986648560       0.901499986648560      -0.388269259713184     
  0.901499986648560        1.20199998219808      -0.409117098319365     
  0.901499986648560        1.50249997774760      -0.417473566319950     
  0.901499986648560        1.80299997329712      -0.414633128544257     
  0.901499986648560        2.10349996884664      -0.402591422633875     
  0.901499986648560        2.40399996439616      -0.387705491425185     
  0.901499986648560        2.70449995994568      -0.369381725127834     
  0.901499986648560        3.00499995549520      -0.344809676659532     
  0.901499986648560        3.30549995104472      -0.314213723803100     
  0.901499986648560        3.60599994659424      -0.281603241136166     
  0.901499986648560        3.90649994214376      -0.249453761474617     
  0.901499986648560        4.20699993769328      -0.219347435326110     
  0.901499986648560        4.50749993324280      -0.193244487439186     
  0.901499986648560        4.80799992879232      -0.171946853644502     
  0.901499986648560        5.10849992434184      -0.154548696131604     
  0.901499986648560        5.40899991989136      -0.140495159985280     
  0.901499986648560        5.70949991544088      -0.129480715038463     
  0.901499986648560        6.00999991099040      -0.120472988662144     
  0.901499986648560        6.31049990653992      -0.112530044516393     
  0.901499986648560        6.61099990208944      -0.105016190805054     
  0.901499986648560        6.91149989763896      -9.744192629891632E-002
  0.901499986648560        7.21199989318848      -8.935807985759553E-002
   1.20199998219808       0.000000000000000E+000 -0.297839372739986     
   1.20199998219808       0.300499995549520      -0.337091580569523     
   1.20199998219808       0.600999991099040      -0.376125621373397     
   1.20199998219808       0.901499986648560      -0.409121367827108     
   1.20199998219808        1.20199998219808      -0.431206780215686     
   1.20199998219808        1.50249997774760      -0.440808902663330     
   1.20199998219808        1.80299997329712      -0.438069123654711     
   1.20199998219808        2.10349996884664      -0.427232038034273     
   1.20199998219808        2.40399996439616      -0.412695915943150     
   1.20199998219808        2.70449995994568      -0.391283429644685     
   1.20199998219808        3.00499995549520      -0.362834817994699     
   1.20199998219808        3.30549995104472      -0.329134488753943     
   1.20199998219808        3.60599994659424      -0.292669244076100     
   1.20199998219808        3.90649994214376      -0.257020821562952     
   1.20199998219808        4.20699993769328      -0.225158553952167     
   1.20199998219808        4.50749993324280      -0.198551422240749     
   1.20199998219808        4.80799992879232      -0.176931986615292     
   1.20199998219808        5.10849992434184      -0.159383347706271     
   1.20199998219808        5.40899991989136      -0.145012808130053     
   1.20199998219808        5.70949991544088      -0.133301356668622     
   1.20199998219808        6.00999991099040      -0.123431841186911     
   1.20199998219808        6.31049990653992      -0.114629067220084     
   1.20199998219808        6.61099990208944      -0.106320904393911     
   1.20199998219808        6.91149989763896      -9.807924950773780E-002
   1.20199998219808        7.21199989318848      -8.983519103525039E-002
   1.50249997774760       0.000000000000000E+000 -0.301513950888196     
   1.50249997774760       0.300499995549520      -0.342899700504033     
   1.50249997774760       0.600999991099040      -0.383346261991781     
   1.50249997774760       0.901499986648560      -0.417483671198485     
   1.50249997774760        1.20199998219808      -0.440815108816455     
   1.50249997774760        1.50249997774760      -0.450976385761124     
   1.50249997774760        1.80299997329712      -0.449384195834539     
   1.50249997774760        2.10349996884664      -0.442119548939158     
   1.50249997774760        2.40399996439616      -0.427357444877401     
   1.50249997774760        2.70449995994568      -0.403710935921884     
   1.50249997774760        3.00499995549520      -0.372301839675952     
   1.50249997774760        3.30549995104472      -0.335953005274455     
   1.50249997774760        3.60599994659424      -0.298105791947871     
   1.50249997774760        3.90649994214376      -0.262004387159161     
   1.50249997774760        4.20699993769328      -0.230009115332080     
   1.50249997774760        4.50749993324280      -0.203136281731074     
   1.50249997774760        4.80799992879232      -0.181212579262031     
   1.50249997774760        5.10849992434184      -0.163418848454806     
   1.50249997774760        5.40899991989136      -0.148797954609126     
   1.50249997774760        5.70949991544088      -0.136545971396140     
   1.50249997774760        6.00999991099040      -0.125942500178451     
   1.50249997774760        6.31049990653992      -0.116336893625048     
   1.50249997774760        6.61099990208944      -0.107315844539545     
   1.50249997774760        6.91149989763896      -9.866088849154822E-002
   1.50249997774760        7.21199989318848      -9.038774102377975E-002
   1.80299997329712       0.000000000000000E+000 -0.299296288897381     
   1.80299997329712       0.300499995549520      -0.340352922816965     
   1.80299997329712       0.600999991099040      -0.380452703573659     
   1.80299997329712       0.901499986648560      -0.414648042803313     
   1.80299997329712        1.20199998219808      -0.438080395153984     
   1.80299997329712        1.50249997774760      -0.449389372483484     
   1.80299997329712        1.80299997329712      -0.452237904783464     
   1.80299997329712        2.10349996884664      -0.446051792719695     
   1.80299997329712        2.40399996439616      -0.429972951042232     
   1.80299997329712        2.70449995994568      -0.404639851218800     
   1.80299997329712        3.00499995549520      -0.372251813365738     
   1.80299997329712        3.30549995104472      -0.335924867317394     
   1.80299997329712        3.60599994659424      -0.298890781748633     
   1.80299997329712        3.90649994214376      -0.263873428760630     
   1.80299997329712        4.20699993769328      -0.232711652404292     
   1.80299997329712        4.50749993324280      -0.206234774010242     
   1.80299997329712        4.80799992879232      -0.184386685591026     
   1.80299997329712        5.10849992434184      -0.166514936635924     
   1.80299997329712        5.40899991989136      -0.151706696968479     
   1.80299997329712        5.70949991544088      -0.139073687288306     
   1.80299997329712        6.00999991099040      -0.127906660031758     
   1.80299997329712        6.31049990653992      -0.117661143195219     
   1.80299997329712        6.61099990208944      -0.108081772285399     
   1.80299997329712        6.91149989763896      -9.911925228358485E-002
   1.80299997329712        7.21199989318848      -9.081010099323605E-002
   2.10349996884664       0.000000000000000E+000 -0.292317258853301     
   2.10349996884664       0.300499995549520      -0.331339165540302     
   2.10349996884664       0.600999991099040      -0.369856659702282     
   2.10349996884664       0.901499986648560      -0.402608210843136     
   2.10349996884664        1.20199998219808      -0.427245029560673     
   2.10349996884664        1.50249997774760      -0.442126499727249     
   2.10349996884664        1.80299997329712      -0.446053532499148     
   2.10349996884664        2.10349996884664      -0.438621444792430     
   2.10349996884664        2.40399996439616      -0.420696416830142     
   2.10349996884664        2.70449995994568      -0.394413315069313     
   2.10349996884664        3.00499995549520      -0.362647810688973     
   2.10349996884664        3.30549995104472      -0.328338171105455     
   2.10349996884664        3.60599994659424      -0.294018883656059     
   2.10349996884664        3.90649994214376      -0.261626647540281     
   2.10349996884664        4.20699993769328      -0.232463281200598     
   2.10349996884664        4.50749993324280      -0.207222090717127     
   2.10349996884664        4.80799992879232      -0.186010061155321     
   2.10349996884664        5.10849992434184      -0.168402406563205     
   2.10349996884664        5.40899991989136      -0.153613899938113     
   2.10349996884664        5.70949991544088      -0.140771394684885     
   2.10349996884664        6.00999991099040      -0.129177069492684     
   2.10349996884664        6.31049990653992      -0.118442998201784     
   2.10349996884664        6.61099990208944      -0.108462681366861     
   2.10349996884664        6.91149989763896      -9.929322633844431E-002
   2.10349996884664        7.21199989318848      -9.099729340257098E-002
   2.40399996439616       0.000000000000000E+000 -0.282116068840938     
   2.40399996439616       0.300499995549520      -0.318867324764926     
   2.40399996439616       0.600999991099040      -0.355331632674191     
   2.40399996439616       0.901499986648560      -0.387722420673498     
   2.40399996439616        1.20199998219808      -0.412707517737432     
   2.40399996439616        1.50249997774760      -0.427362012809593     
   2.40399996439616        1.80299997329712      -0.429971984959199     
   2.40399996439616        2.10349996884664      -0.420693765259869     
   2.40399996439616        2.40399996439616      -0.401506058509968     
   2.40399996439616        2.70449995994568      -0.375470759259692     
   2.40399996439616        3.00499995549520      -0.345733403567073     
   2.40399996439616        3.30549995104472      -0.314799142661584     
   2.40399996439616        3.60599994659424      -0.284373602912271     
   2.40399996439616        3.90649994214376      -0.255581423465426     
   2.40399996439616        4.20699993769328      -0.229219915798630     
   2.40399996439616        4.50749993324280      -0.205873237545674     
   2.40399996439616        4.80799992879232      -0.185812545591297     
   2.40399996439616        5.10849992434184      -0.168842417707268     
   2.40399996439616        5.40899991989136      -0.154335619761845     
   2.40399996439616        5.70949991544088      -0.141493008584659     
   2.40399996439616        6.00999991099040      -0.129675800040958     
   2.40399996439616        6.31049990653992      -0.118605944113823     
   2.40399996439616        6.61099990208944      -0.108340086313995     
   2.40399996439616        6.91149989763896      -9.908838646758215E-002
   2.40399996439616        7.21199989318848      -9.097544504513348E-002
   2.70449995994568       0.000000000000000E+000 -0.269747343403850     
   2.70449995994568       0.300499995549520      -0.303349899883454     
   2.70449995994568       0.600999991099040      -0.339134847284040     
   2.70449995994568       0.901499986648560      -0.369399640743135     
   2.70449995994568        1.20199998219808      -0.391291634118676     
   2.70449995994568        1.50249997774760      -0.403709908914122     
   2.70449995994568        1.80299997329712      -0.404632801538869     
   2.70449995994568        2.10349996884664      -0.394404909169387     
   2.70449995994568        2.40399996439616      -0.375465382768738     
   2.70449995994568        2.70449995994568      -0.351189899460205     
   2.70449995994568        3.00499995549520      -0.324632160575634     
   2.70449995994568        3.30549995104472      -0.297794595689987     
   2.70449995994568        3.60599994659424      -0.271668023130017     
   2.70449995994568        3.90649994214376      -0.246738581318918     
   2.70449995994568        4.20699993769328      -0.223446349836957     
   2.70449995994568        4.50749993324280      -0.202317656154887     
   2.70449995994568        4.80799992879232      -0.183748627508984     
   2.70449995994568        5.10849992434184      -0.167716101592650     
   2.70449995994568        5.40899991989136      -0.153730984487178     
   2.70449995994568        5.70949991544088      -0.141090489111155     
   2.70449995994568        6.00999991099040      -0.129245581218433     
   2.70449995994568        6.31049990653992      -0.118016915802703     
   2.70449995994568        6.61099990208944      -0.107571285006930     
   2.70449995994568        6.91149989763896      -9.842040198671967E-002
   2.70449995994568        7.21199989318848      -9.083107681966104E-002
   3.00499995549520       0.000000000000000E+000 -0.257709833174251     
   3.00499995549520       0.300499995549520      -0.283965519081988     
   3.00499995549520       0.600999991099040      -0.316325607759225     
   3.00499995549520       0.901499986648560      -0.344830575838547     
   3.00499995549520        1.20199998219808      -0.362839433267797     
   3.00499995549520        1.50249997774760      -0.372294157869947     
   3.00499995549520        1.80299997329712      -0.372237866716622     
   3.00499995549520        2.10349996884664      -0.362633302682523     
   3.00499995549520        2.40399996439616      -0.345722733065103     
   3.00499995549520        2.70449995994568      -0.324627238391026     
   3.00499995549520        3.00499995549520      -0.302027326083926     
   3.00499995549520        3.30549995104472      -0.279468144970258     
   3.00499995549520        3.60599994659424      -0.257459827856396     
   3.00499995549520        3.90649994214376      -0.236119015755259     
   3.00499995549520        4.20699993769328      -0.215738623024260     
   3.00499995549520        4.50749993324280      -0.196855497579267     
   3.00499995549520        4.80799992879232      -0.179931376207939     
   3.00499995549520        5.10849992434184      -0.165027098273673     
   3.00499995549520        5.40899991989136      -0.151745329399009     
   3.00499995549520        5.70949991544088      -0.139484458635888     
   3.00499995549520        6.00999991099040      -0.127805282524240     
   3.00499995549520        6.31049990653992      -0.116589495521462     
   3.00499995549520        6.61099990208944      -0.106150279363329     
   3.00499995549520        6.91149989763896      -9.739638010320198E-002
   3.00499995549520        7.21199989318848      -9.077214011328170E-002
   3.30549995104472       0.000000000000000E+000 -0.252319402227300     
   3.30549995104472       0.300499995549520      -0.267769591877716     
   3.30549995104472       0.600999991099040      -0.291081554549521     
   3.30549995104472       0.901499986648560      -0.314234385050506     
   3.30549995104472        1.20199998219808      -0.329135257688140     
   3.30549995104472        1.50249997774760      -0.335939535288729     
   3.30549995104472        1.80299997329712      -0.335905846382631     
   3.30549995104472        2.10349996884664      -0.328319903254497     
   3.30549995104472        2.40399996439616      -0.314785717436531     
   3.30549995104472        2.70449995994568      -0.297787326174040     
   3.30549995104472        3.00499995549520      -0.279465795000157     
   3.30549995104472        3.30549995104472      -0.260990269878605     
   3.30549995104472        3.60599994659424      -0.242625799883679     
   3.30549995104472        3.90649994214376      -0.224374792011846     
   3.30549995104472        4.20699993769328      -0.206571033224114     
   3.30549995104472        4.50749993324280      -0.189810048212571     
   3.30549995104472        4.80799992879232      -0.174557285933192     
   3.30549995104472        5.10849992434184      -0.160874071545167     
   3.30549995104472        5.40899991989136      -0.148410960791849     
   3.30549995104472        5.70949991544088      -0.136675110598728     
   3.30549995104472        6.00999991099040      -0.125366289758724     
   3.30549995104472        6.31049990653992      -0.114452209295140     
   3.30549995104472        6.61099990208944      -0.104391844982296     
   3.30549995104472        6.91149989763896      -9.650303763801066E-002
   3.30549995104472        7.21199989318848      -9.098140000851172E-002
   3.60599994659424       0.000000000000000E+000 -0.244871773454007     
   3.60599994659424       0.300499995549520      -0.256709624941472     
   3.60599994659424       0.600999991099040      -0.267168880429995     
   3.60599994659424       0.901499986648560      -0.281614559741657     
   3.60599994659424        1.20199998219808      -0.292663439349507     
   3.60599994659424        1.50249997774760      -0.298088364196792     
   3.60599994659424        1.80299997329712      -0.298869994017044     
   3.60599994659424        2.10349996884664      -0.294000489895575     
   3.60599994659424        2.40399996439616      -0.284360861516362     
   3.60599994659424        2.70449995994568      -0.271661463705701     
   3.60599994659424        3.00499995549520      -0.257457800731938     
   3.60599994659424        3.30549995104472      -0.242625781502873     
   3.60599994659424        3.60599994659424      -0.227373568969731     
   3.60599994659424        3.90649994214376      -0.211772905532295     
   3.60599994659424        4.20699993769328      -0.196273356886747     
   3.60599994659424        4.50749993324280      -0.181507332906585     
   3.60599994659424        4.80799992879232      -0.167890889146435     
   3.60599994659424        5.10849992434184      -0.155441585243689     
   3.60599994659424        5.40899991989136      -0.143844920607383     
   3.60599994659424        5.70949991544088      -0.132735855026793     
   3.60599994659424        6.00999991099040      -0.121996011684178     
   3.60599994659424        6.31049990653992      -0.111740505067521     
   3.60599994659424        6.61099990208944      -0.102569584982191     
   3.60599994659424        6.91149989763896      -9.590545303580408E-002
   3.60599994659424        7.21199989318848      -9.078243870974584E-002
   3.90649994214376       0.000000000000000E+000 -0.222439147126379     
   3.90649994214376       0.300499995549520      -0.235761716314904     
   3.90649994214376       0.600999991099040      -0.241716334793814     
   3.90649994214376       0.901499986648560      -0.249449659881817     
   3.90649994214376        1.20199998219808      -0.257007603288987     
   3.90649994214376        1.50249997774760      -0.261985470834458     
   3.90649994214376        1.80299997329712      -0.263854172065667     
   3.90649994214376        2.10349996884664      -0.261611252629774     
   3.90649994214376        2.40399996439616      -0.255571925319002     
   3.90649994214376        2.70449995994568      -0.246734662075180     
   3.90649994214376        3.00499995549520      -0.236118712536650     
   3.90649994214376        3.30549995104472      -0.224375755373739     
   3.90649994214376        3.60599994659424      -0.211773555424940     
   3.90649994214376        3.90649994214376      -0.198546553440033     
   3.90649994214376        4.20699993769328      -0.185203436628150     
   3.90649994214376        4.50749993324280      -0.172331434116731     
   3.90649994214376        4.80799992879232      -0.160268435538799     
   3.90649994214376        5.10849992434184      -0.148993682740757     
   3.90649994214376        5.40899991989136      -0.138249493335816     
   3.90649994214376        5.70949991544088      -0.127815549252666     
   3.90649994214376        6.00999991099040      -0.117755909396964     
   3.90649994214376        6.31049990653992      -0.108348295642456     
   3.90649994214376        6.61099990208944      -0.100162056445266     
   3.90649994214376        6.91149989763896      -9.389297181291760E-002
   3.90649994214376        7.21199989318848      -8.831607808968056E-002
   4.20699993769328       0.000000000000000E+000 -0.198211200275257     
   4.20699993769328       0.300499995549520      -0.208712221645030     
   4.20699993769328       0.600999991099040      -0.214020343680145     
   4.20699993769328       0.901499986648560      -0.219332898737918     
   4.20699993769328        1.20199998219808      -0.225141852172687     
   4.20699993769328        1.50249997774760      -0.229991476387726     
   4.20699993769328        1.80299997329712      -0.232696060404143     
   4.20699993769328        2.10349996884664      -0.232452282650860     
   4.20699993769328        2.40399996439616      -0.229214319319759     
   4.20699993769328        2.70449995994568      -0.223445148807448     
   4.20699993769328        3.00499995549520      -0.215739767381477     
   4.20699993769328        3.30549995104472      -0.206572537441815     
   4.20699993769328        3.60599994659424      -0.196274144909951     
   4.20699993769328        3.90649994214376      -0.185203516640645     
   4.20699993769328        4.20699993769328      -0.173856944662191     
   4.20699993769328        4.50749993324280      -0.162722146180513     
   4.20699993769328        4.80799992879232      -0.152058757492226     
   4.20699993769328        5.10849992434184      -0.141841364439053     
   4.20699993769328        5.40899991989136      -0.131900001776624     
   4.20699993769328        5.70949991544088      -0.122156743670369     
   4.20699993769328        6.00999991099040      -0.112794217948925     
   4.20699993769328        6.31049990653992      -0.104184819922853     
   4.20699993769328        6.61099990208944      -9.671094032667489E-002
   4.20699993769328        6.91149989763896      -9.062544343154438E-002
   4.20699993769328        7.21199989318848      -8.520205186791822E-002
   4.50749993324280       0.000000000000000E+000 -0.172199598209329     
   4.50749993324280       0.300499995549520      -0.181832358070200     
   4.50749993324280       0.600999991099040      -0.187875610768369     
   4.50749993324280       0.901499986648560      -0.193229031085949     
   4.50749993324280        1.20199998219808      -0.198535898855889     
   4.50749993324280        1.50249997774760      -0.203121812479269     
   4.50749993324280        1.80299997329712      -0.206223346543614     
   4.50749993324280        2.10349996884664      -0.207215036670318     
   4.50749993324280        2.40399996439616      -0.205870471269750     
   4.50749993324280        2.70449995994568      -0.202317829172597     
   4.50749993324280        3.00499995549520      -0.196856768846606     
   4.50749993324280        3.30549995104472      -0.189810970489227     
   4.50749993324280        3.60599994659424      -0.181507372430328     
   4.50749993324280        3.90649994214376      -0.172330898644795     
   4.50749993324280        4.20699993769328      -0.162721673674858     
   4.50749993324280        4.50749993324280      -0.153070498407928     
   4.50749993324280        4.80799992879232      -0.143589206214769     
   4.50749993324280        5.10849992434184      -0.134288937606722     
   4.50749993324280        5.40899991989136      -0.125106310695310     
   4.50749993324280        5.70949991544088      -0.116080681513644     
   4.50749993324280        6.00999991099040      -0.107442107498247     
   4.50749993324280        6.31049990653992      -9.952323115648375E-002
   4.50749993324280        6.61099990208944      -9.254520390652080E-002
   4.50749993324280        6.91149989763896      -8.652168513128768E-002
   4.50749993324280        7.21199989318848      -8.099613830497636E-002
   4.80799992879232       0.000000000000000E+000 -0.150478911049390     
   4.80799992879232       0.300499995549520      -0.159474439758485     
   4.80799992879232       0.600999991099040      -0.166300758099910     
   4.80799992879232       0.901499986648560      -0.171934694315343     
   4.80799992879232        1.20199998219808      -0.176919658104602     
   4.80799992879232        1.50249997774760      -0.181201685589713     
   4.80799992879232        1.80299997329712      -0.184378656542885     
   4.80799992879232        2.10349996884664      -0.186005468313220     
   4.80799992879232        2.40399996439616      -0.185810855021698     
   4.80799992879232        2.70449995994568      -0.183748541432855     
   4.80799992879232        3.00499995549520      -0.179931517928673     
   4.80799992879232        3.30549995104472      -0.174556821450910     
   4.80799992879232        3.60599994659424      -0.167889756001439     
   4.80799992879232        3.90649994214376      -0.160267111656993     
   4.80799992879232        4.20699993769328      -0.152057787022872     
   4.80799992879232        4.50749993324280      -0.143588812724163     
   4.80799992879232        4.80799992879232      -0.135068464224978     
   4.80799992879232        5.10849992434184      -0.126576562083860     
   4.80799992879232        5.40899991989136      -0.118152629758344     
   4.80799992879232        5.70949991544088      -0.109907762864123     
   4.80799992879232        6.00999991099040      -0.102057950688970     
   4.80799992879232        6.31049990653992      -9.483695889198389E-002
   4.80799992879232        6.61099990208944      -8.834770135330727E-002
   4.80799992879232        6.91149989763896      -8.248288059468906E-002
   4.80799992879232        7.21199989318848      -7.700046607262800E-002
   5.10849992434184       0.000000000000000E+000 -0.134003961307462     
   5.10849992434184       0.300499995549520      -0.142109725953819     
   5.10849992434184       0.600999991099040      -0.148826176537567     
   5.10849992434184       0.901499986648560      -0.154540046076967     
   5.10849992434184        1.20199998219808      -0.159374378814773     
   5.10849992434184        1.50249997774760      -0.163410993311229     
   5.10849992434184        1.80299997329712      -0.166509154522552     
   5.10849992434184        2.10349996884664      -0.168398854135337     
   5.10849992434184        2.40399996439616      -0.168840495061559     
   5.10849992434184        2.70449995994568      -0.167714849988811     
   5.10849992434184        3.00499995549520      -0.165025721228123     
   5.10849992434184        3.30549995104472      -0.160872287956773     
   5.10849992434184        3.60599994659424      -0.155439637385077     
   5.10849992434184        3.90649994214376      -0.148992043301598     
   5.10849992434184        4.20699993769328      -0.141840368584451     
   5.10849992434184        4.50749993324280      -0.134288580924441     
   5.10849992434184        4.80799992879232      -0.126576556743841     
   5.10849992434184        5.10849992434184      -0.118860217784943     
   5.10849992434184        5.40899991989136      -0.111251577443521     
   5.10849992434184        5.70949991544088      -0.103875206242886     
   5.10849992434184        6.00999991099040      -9.687757986162554E-002
   5.10849992434184        6.31049990653992      -9.037287577474752E-002
   5.10849992434184        6.61099990208944      -8.438136637567829E-002
   5.10849992434184        6.91149989763896      -7.885248513755543E-002
   5.10849992434184        7.21199989318848      -7.361607656643217E-002
   5.40899991989136       0.000000000000000E+000 -0.122257469478316     
   5.40899991989136       0.300499995549520      -0.129231583893128     
   5.40899991989136       0.600999991099040      -0.135283184841276     
   5.40899991989136       0.901499986648560      -0.140489541753108     
   5.40899991989136        1.20199998219808      -0.145006755131682     
   5.40899991989136        1.50249997774760      -0.148792465316442     
   5.40899991989136        1.80299997329712      -0.151702362294163     
   5.40899991989136        2.10349996884664      -0.153610705217187     
   5.40899991989136        2.40399996439616      -0.154333130774513     
   5.40899991989136        2.70449995994568      -0.153728690043281     
   5.40899991989136        3.00499995549520      -0.151742963616395     
   5.40899991989136        3.30549995104472      -0.148408631181709     
   5.40899991989136        3.60599994659424      -0.143842981947538     
   5.40899991989136        3.90649994214376      -0.138248268540523     
   5.40899991989136        4.20699993769328      -0.131899551965051     
   5.40899991989136        4.50749993324280      -0.125106406487595     
   5.40899991989136        4.80799992879232      -0.118152911213575     
   5.40899991989136        5.10849992434184      -0.111251763130879     
   5.40899991989136        5.40899991989136      -0.104541221511854     
   5.40899991989136        5.70949991544088      -9.810741680838024E-002
   5.40899991989136        6.00999991099040      -9.199210958194594E-002
   5.40899991989136        6.31049990653992      -8.621861545933829E-002
   5.40899991989136        6.61099990208944      -8.080790833274962E-002
   5.40899991989136        6.91149989763896      -7.570171744215513E-002
   5.40899991989136        7.21199989318848      -7.081967283133137E-002
   5.70949991544088       0.000000000000000E+000 -0.114477401106695     
   5.70949991544088       0.300499995549520      -0.120131062920994     
   5.70949991544088       0.600999991099040      -0.125104688281661     
   5.70949991544088       0.901499986648560      -0.129477317749388     
   5.70949991544088        1.20199998219808      -0.133297644278491     
   5.70949991544088        1.50249997774760      -0.136542443860741     
   5.70949991544088        1.80299997329712      -0.139070562774928     
   5.70949991544088        2.10349996884664      -0.140768614303856     
   5.70949991544088        2.40399996439616      -0.141490379448877     
   5.70949991544088        2.70449995994568      -0.141087892612817     
   5.70949991544088        3.00499995549520      -0.139481992438772     
   5.70949991544088        3.30549995104472      -0.136673077826851     
   5.70949991544088        3.60599994659424      -0.132734594808675     
   5.70949991544088        3.90649994214376      -0.127815194707739     
   5.70949991544088        4.20699993769328      -0.122157099335187     
   5.70949991544088        4.50749993324280      -0.116081344319458     
   5.70949991544088        4.80799992879232      -0.109908360114689     
   5.70949991544088        5.10849992434184      -0.103875557224445     
   5.70949991544088        5.40899991989136      -9.810754058051754E-002
   5.70949991544088        5.70949991544088      -9.262764409349761E-002
   5.70949991544088        6.00999991099040      -8.739687201790219E-002
   5.70949991544088        6.31049990653992      -8.240888907991095E-002
   5.70949991544088        6.61099990208944      -7.763412707831231E-002
   5.70949991544088        6.91149989763896      -7.302127425546630E-002
   5.70949991544088        7.21199989318848      -6.853157935852013E-002
   6.00999991099040       0.000000000000000E+000 -0.109254582016586     
   6.00999991099040       0.300499995549520      -0.113356668095240     
   6.00999991099040       0.600999991099040      -0.117077686643456     
   6.00999991099040       0.901499986648560      -0.120471189572307     
   6.00999991099040        1.20199998219808      -0.123429980822394     
   6.00999991099040        1.50249997774760      -0.125940699562204     
   6.00999991099040        1.80299997329712      -0.127904849526096     
   6.00999991099040        2.10349996884664      -0.129175068783786     
   6.00999991099040        2.40399996439616      -0.129673633850324     
   6.00999991099040        2.70449995994568      -0.129243380432271     
   6.00999991099040        3.00499995549520      -0.127803292104713     
   6.00999991099040        3.30549995104472      -0.125364850472010     
   6.00999991099040        3.60599994659424      -0.121995486401244     
   6.00999991099040        3.90649994214376      -0.117756358295218     
   6.00999991099040        4.20699993769328      -0.112795247361014     
   6.00999991099040        4.50749993324280      -0.107443163014128     
   6.00999991099040        4.80799992879232      -0.102058699344575     
   6.00999991099040        5.10849992434184      -9.687797392421284E-002
   6.00999991099040        5.40899991989136      -9.199227232819683E-002
   6.00999991099040        5.70949991544088      -8.739691967882150E-002
   6.00999991099040        6.00999991099040      -8.303740606470125E-002
   6.00999991099040        6.31049990653992      -7.883849313251987E-002
   6.00999991099040        6.61099990208944      -7.471973497666809E-002
   6.00999991099040        6.91149989763896      -7.063270049053426E-002
   6.00999991099040        7.21199989318848      -6.656928551268129E-002
   6.31049990653992       0.000000000000000E+000 -0.104557887666409     
   6.31049990653992       0.300499995549520      -0.107024217393735     
   6.31049990653992       0.600999991099040      -0.109876492814485     
   6.31049990653992       0.901499986648560      -0.112529406206971     
   6.31049990653992        1.20199998219808      -0.114628638037241     
   6.31049990653992        1.50249997774760      -0.116336516155703     
   6.31049990653992        1.80299997329712      -0.117660602890837     
   6.31049990653992        2.10349996884664      -0.118442008267453     
   6.31049990653992        2.40399996439616      -0.118604560883432     
   6.31049990653992        2.70449995994568      -0.118015368884451     
   6.31049990653992        3.00499995549520      -0.116588022780819     
   6.31049990653992        3.30549995104472      -0.114451255235120     
   6.31049990653992        3.60599994659424      -0.111740561980322     
   6.31049990653992        3.90649994214376      -0.108349393612462     
   6.31049990653992        4.20699993769328      -0.104186351110378     
   6.31049990653992        4.50749993324280      -9.952449511455096E-002
   6.31049990653992        4.80799992879232      -9.483770873291875E-002
   6.31049990653992        5.10849992434184      -9.037324349232867E-002
   6.31049990653992        5.40899991989136      -8.621878968675170E-002
   6.31049990653992        5.70949991544088      -8.240898168868493E-002
   6.31049990653992        6.00999991099040      -7.883855366075979E-002
   6.31049990653992        6.31049990653992      -7.536069891032290E-002
   6.31049990653992        6.61099990208944      -7.183573431269624E-002
   6.31049990653992        6.91149989763896      -6.824811493892724E-002
   6.31049990653992        7.21199989318848      -6.465807646023100E-002
   6.61099990208944       0.000000000000000E+000 -9.870512497657866E-002
   6.61099990208944       0.300499995549520      -9.972754535113941E-002
   6.61099990208944       0.600999991099040      -0.102780891855244     
   6.61099990208944       0.901499986648560      -0.105016413685910     
   6.61099990208944        1.20199998219808      -0.106321450938627     
   6.61099990208944        1.50249997774760      -0.107316406853897     
   6.61099990208944        1.80299997329712      -0.108082124791249     
   6.61099990208944        2.10349996884664      -0.108462584739143     
   6.61099990208944        2.40399996439616      -0.108339435250548     
   6.61099990208944        2.70449995994568      -0.107570338123442     
   6.61099990208944        3.00499995549520      -0.106149265110019     
   6.61099990208944        3.30549995104472      -0.104391231655379     
   6.61099990208944        3.60599994659424      -0.102570038516521     
   6.61099990208944        3.90649994214376      -0.100163662095982     
   6.61099990208944        4.20699993769328      -9.671283843271808E-002
   6.61099990208944        4.50749993324280      -9.254660819838212E-002
   6.61099990208944        4.80799992879232      -8.834843799336814E-002
   6.61099990208944        5.10849992434184      -8.438175125373552E-002
   6.61099990208944        5.40899991989136      -8.080816382576039E-002
   6.61099990208944        5.70949991544088      -7.763434523070259E-002
   6.61099990208944        6.00999991099040      -7.471993274845073E-002
   6.61099990208944        6.31049990653992      -7.183586629316033E-002
   6.61099990208944        6.61099990208944      -6.874090198661210E-002
   6.61099990208944        6.91149989763896      -6.556065709888451E-002
   6.61099990208944        7.21199989318848      -6.260253513171202E-002
   6.91149989763896       0.000000000000000E+000 -9.436657183394290E-002
   6.91149989763896       0.300499995549520      -9.436802272903370E-002
   6.91149989763896       0.600999991099040      -9.637459353767090E-002
   6.91149989763896       0.901499986648560      -9.744286931553722E-002
   6.91149989763896        1.20199998219808      -9.808027579510148E-002
   6.91149989763896        1.50249997774760      -9.866180959183204E-002
   6.91149989763896        1.80299997329712      -9.911997506203039E-002
   6.91149989763896        2.10349996884664      -9.929358821936562E-002
   6.91149989763896        2.40399996439616      -9.908821961722722E-002
   6.91149989763896        2.70449995994568      -9.841984641179972E-002
   6.91149989763896        3.00499995549520      -9.739556730659296E-002
   6.91149989763896        3.30549995104472      -9.650240910704658E-002
   6.91149989763896        3.60599994659424      -9.590568659004373E-002
   6.91149989763896        3.90649994214376      -9.389437530289176E-002
   6.91149989763896        4.20699993769328      -9.062713071190613E-002
   6.91149989763896        4.50749993324280      -8.652293483910907E-002
   6.91149989763896        4.80799992879232      -8.248362402207175E-002
   6.91149989763896        5.10849992434184      -7.885300298451058E-002
   6.91149989763896        5.40899991989136      -7.570218482805112E-002
   6.91149989763896        5.70949991544088      -7.302173001534372E-002
   6.91149989763896        6.00999991099040      -7.063312023174649E-002
   6.91149989763896        6.31049990653992      -6.824843382894256E-002
   6.91149989763896        6.61099990208944      -6.556080410318446E-002
   6.91149989763896        6.91149989763896      -6.297237871191029E-002
   6.91149989763896        7.21199989318848      -6.096202880577500E-002
   7.21199989318848       0.000000000000000E+000 -9.084609830891074E-002
   7.21199989318848       0.300499995549520      -9.066233403832173E-002
   7.21199989318848       0.600999991099040      -8.934733776402326E-002
   7.21199989318848       0.901499986648560      -8.935963692448814E-002
   7.21199989318848        1.20199998219808      -8.983629090492154E-002
   7.21199989318848        1.50249997774760      -9.038859319462508E-002
   7.21199989318848        1.80299997329712      -9.081080026954851E-002
   7.21199989318848        2.10349996884664      -9.099777369860682E-002
   7.21199989318848        2.40399996439616      -9.097549616958046E-002
   7.21199989318848        2.70449995994568      -9.083061061160827E-002
   7.21199989318848        3.00499995549520      -9.077116762014165E-002
   7.21199989318848        3.30549995104472      -9.098058141479132E-002
   7.21199989318848        3.60599994659424      -9.078267334728025E-002
   7.21199989318848        3.90649994214376      -8.831638181715175E-002
   7.21199989318848        4.20699993769328      -8.520278930290744E-002
   7.21199989318848        4.50749993324280      -8.099694115405236E-002
   7.21199989318848        4.80799992879232      -7.700122638408198E-002
   7.21199989318848        5.10849992434184      -7.361686529403810E-002
   7.21199989318848        5.40899991989136      -7.082047896566906E-002
   7.21199989318848        5.70949991544088      -6.853236633017516E-002
   7.21199989318848        6.00999991099040      -6.656999982341702E-002
   7.21199989318848        6.31049990653992      -6.465863388489328E-002
   7.21199989318848        6.61099990208944      -6.260282222877908E-002
   7.21199989318848        6.91149989763896      -6.096203418128540E-002
   7.21199989318848        7.21199989318848      -5.908317333574235E-002
